{
    "jamal": {
        "R_eyeEnd_JNT": {
            "joint_matrix": [
                1.0,
                0.0,
                0.0,
                0.0,
                0.0,
                1.0,
                0.0,
                0.0,
                0.0,
                0.0,
                1.0,
                0.0,
                -5.11968,
                264.407,
                8.32178,
                1.0
            ],
            "parent": "R_eye_JNT",
            "isLocator": false,
            "isJoint": true,
            "isCurve": false,
            "isSurface": false,
            "children": []
        },
        "R_eye_JNT": {
            "joint_matrix": [
                1.0,
                0.0,
                0.0,
                0.0,
                0.0,
                1.0,
                0.0,
                0.0,
                0.0,
                0.0,
                1.0,
                0.0,
                -5.11968,
                264.407,
                4.89599,
                1.0
            ],
            "parent": "C_guides_GRP",
            "isLocator": false,
            "isJoint": true,
            "isCurve": false,
            "isSurface": false,
            "children": [
                "R_eyeEnd_JNT"
            ]
        },
        "L_eyeEnd_JNT": {
            "joint_matrix": [
                1.0,
                0.0,
                0.0,
                0.0,
                0.0,
                1.0,
                0.0,
                0.0,
                0.0,
                0.0,
                1.0,
                0.0,
                5.119678266346455,
                264.40650939941406,
                8.321783687429079,
                1.0
            ],
            "parent": "L_eye_JNT",
            "isLocator": false,
            "isJoint": true,
            "isCurve": false,
            "isSurface": false,
            "children": []
        },
        "L_eye_JNT": {
            "joint_matrix": [
                1.0,
                0.0,
                0.0,
                0.0,
                0.0,
                1.0,
                0.0,
                0.0,
                0.0,
                0.0,
                1.0,
                0.0,
                5.119678266346455,
                264.40650939941406,
                4.895990490913391,
                1.0
            ],
            "parent": "C_guides_GRP",
            "isLocator": false,
            "isJoint": true,
            "isCurve": false,
            "isSurface": false,
            "children": [
                "L_eyeEnd_JNT"
            ]
        },
        "C_chin_JNT": {
            "joint_matrix": [
                0.9999999999759839,
                -1.9058241313221758e-21,
                6.930525092103181e-06,
                0.0,
                -4.2681590068264736e-06,
                0.7878639750644904,
                0.6158492971315003,
                0.0,
                -5.460311048348607e-06,
                -0.6158492971462906,
                0.7878639750455689,
                0.0,
                -0.00013971168664284072,
                243.63833618164057,
                16.05961036682117,
                1.0
            ],
            "parent": "C_jaw_JNT",
            "isLocator": false,
            "isJoint": true,
            "isCurve": false,
            "isSurface": false,
            "children": []
        },
        "R_jaw_JNT": {
            "joint_matrix": [
                0.999999999975984,
                -6.725459457609169e-06,
                1.6734380680202254e-06,
                0.0,
                6.725459457618586e-06,
                0.999999999977384,
                0.0,
                0.0,
                -1.67343806798238e-06,
                1.125471937868383e-11,
                0.9999999999985999,
                0.0,
                -12.8064,
                248.627,
                2.06031999999911,
                1.0
            ],
            "parent": "C_jaw_JNT",
            "isLocator": false,
            "isJoint": true,
            "isCurve": false,
            "isSurface": false,
            "children": []
        },
        "L_jaw_JNT": {
            "joint_matrix": [
                0.9999999999141252,
                -4.268146075070414e-06,
                1.2390819596475196e-05,
                0.0,
                4.2681460753980625e-06,
                0.9999999999908914,
                -5.551115123125783e-17,
                0.0,
                -1.2390819596362334e-05,
                5.288591786722918e-11,
                0.9999999999232339,
                0.0,
                12.806315422058065,
                248.62657165527295,
                2.060319662093338,
                1.0
            ],
            "parent": "C_jaw_JNT",
            "isLocator": false,
            "isJoint": true,
            "isCurve": false,
            "isSurface": false,
            "children": []
        },
        "C_jaw_JNT": {
            "joint_matrix": [
                0.9999999999833237,
                -1.8808638510879476e-06,
                5.460311048348607e-06,
                0.0,
                -1.8808638510879476e-06,
                0.7878639750622453,
                0.6158492971462906,
                0.0,
                -5.460311048348607e-06,
                -0.6158492971462906,
                0.7878639750455689,
                0.0,
                -6.556510925292969e-05,
                252.00106811523438,
                5.361059188842773,
                1.0
            ],
            "parent": "C_guides_GRP",
            "isLocator": false,
            "isJoint": true,
            "isCurve": false,
            "isSurface": false,
            "children": [
                "L_jaw_JNT",
                "R_jaw_JNT",
                "C_chin_JNT"
            ]
        },
        "R_pinky04End_JNT": {
            "joint_matrix": [
                -0.09054594997580162,
                0.985762564202788,
                -0.14168132537255507,
                0.0,
                0.9504985808937347,
                0.12800179676929546,
                0.2831395199240624,
                0.0,
                0.29724380340383233,
                -0.1090307618985404,
                -0.9485559626600042,
                0.0,
                -69.44979999999995,
                114.9900000000001,
                5.477700000000001,
                1.0
            ],
            "parent": "R_pinky03_JNT",
            "isLocator": false,
            "isJoint": true,
            "isCurve": false,
            "isSurface": false,
            "children": []
        },
        "R_pinky03_JNT": {
            "joint_matrix": [
                -0.09054594997580162,
                0.985762564202788,
                -0.14168132537255507,
                0.0,
                0.9504985808937347,
                0.12800179676929546,
                0.2831395199240624,
                0.0,
                0.29724380340383233,
                -0.1090307618985404,
                -0.9485559626600042,
                0.0,
                -69.83429999999991,
                119.1759999999996,
                4.87610000000006,
                1.0
            ],
            "parent": "R_pinky02_JNT",
            "isLocator": false,
            "isJoint": true,
            "isCurve": false,
            "isSurface": false,
            "children": [
                "R_pinky04End_JNT"
            ]
        },
        "R_pinky02_JNT": {
            "joint_matrix": [
                -0.009250005019439914,
                0.9930832362405685,
                -0.11704752583929084,
                0.0,
                0.954756806074282,
                0.04356579917530405,
                0.2941793031418983,
                0.0,
                0.29724380340383233,
                -0.1090307618985404,
                -0.9485559626600042,
                0.0,
                -69.86569999999998,
                122.54300000000002,
                4.479290000000023,
                1.0
            ],
            "parent": "R_pinky01_JNT",
            "isLocator": false,
            "isJoint": true,
            "isCurve": false,
            "isSurface": false,
            "children": [
                "R_pinky03_JNT",
                "R_pinky04End_JNT"
            ]
        },
        "R_pinky01_JNT": {
            "joint_matrix": [
                0.09497682225459422,
                0.9919078084692601,
                -0.08425142569790026,
                0.0,
                0.9500660632674146,
                -0.0650476168474553,
                0.3051938449084836,
                0.0,
                0.29724380340383233,
                -0.1090307618985404,
                -0.9485559626600042,
                0.0,
                -69.30819999999996,
                128.364,
                3.984810000000013,
                1.0
            ],
            "parent": "R_pinky00_JNT",
            "isLocator": false,
            "isJoint": true,
            "isCurve": false,
            "isSurface": false,
            "children": [
                "R_pinky02_JNT",
                "R_pinky03_JNT",
                "R_pinky04End_JNT"
            ]
        },
        "R_pinky00_JNT": {
            "joint_matrix": [
                0.10522247842096355,
                0.9894029703042359,
                -0.10004994946578022,
                0.0,
                0.9495442499950245,
                -0.07007010723011509,
                0.30570557301780843,
                0.0,
                0.29545549129494325,
                -0.127168952287559,
                -0.9468548517263604,
                0.0,
                -68.7635,
                133.486,
                3.46686,
                1.0
            ],
            "parent": "C_guides_GRP",
            "isLocator": false,
            "isJoint": true,
            "isCurve": false,
            "isSurface": false,
            "children": [
                "R_pinky01_JNT",
                "R_pinky02_JNT",
                "R_pinky03_JNT",
                "R_pinky04End_JNT"
            ]
        },
        "R_ring04End_JNT": {
            "joint_matrix": [
                0.06591369402078888,
                0.9776259599698185,
                -0.19975702073675625,
                0.0,
                0.9662743539762874,
                -0.012593643956510019,
                0.25720667366848327,
                0.0,
                0.24893625245882278,
                -0.2099735281529262,
                -0.9454849864946401,
                0.0,
                -72.16300000000008,
                112.33599999999994,
                10.033799999999966,
                1.0
            ],
            "parent": "R_ring03_JNT",
            "isLocator": false,
            "isJoint": true,
            "isCurve": false,
            "isSurface": false,
            "children": []
        },
        "R_ring03_JNT": {
            "joint_matrix": [
                0.06591369402078888,
                0.9776259599698185,
                -0.19975702073675625,
                0.0,
                0.9662743539762874,
                -0.012593643956510019,
                0.25720667366848327,
                0.0,
                0.24893625245882278,
                -0.2099735281529262,
                -0.9454849864946401,
                0.0,
                -71.87579999999983,
                116.59500000000016,
                9.163410000000004,
                1.0
            ],
            "parent": "R_ring02_JNT",
            "isLocator": false,
            "isJoint": true,
            "isCurve": false,
            "isSurface": false,
            "children": [
                "R_ring04End_JNT"
            ]
        },
        "R_ring02_JNT": {
            "joint_matrix": [
                0.012526919619677876,
                0.976832783752104,
                -0.2136370493897473,
                0.0,
                0.9684388511199693,
                0.04133799645214141,
                0.24579943386988726,
                0.0,
                0.24893627282153244,
                -0.20997352841831737,
                -0.9454849810744145,
                0.0,
                -71.81009999999998,
                121.71799999999976,
                8.042980000000068,
                1.0
            ],
            "parent": "R_ring01_JNT",
            "isLocator": false,
            "isJoint": true,
            "isCurve": false,
            "isSurface": false,
            "children": [
                "R_ring03_JNT",
                "R_ring04End_JNT"
            ]
        },
        "R_ring01_JNT": {
            "joint_matrix": [
                0.10385530456209639,
                0.9763748205096465,
                -0.1894895395241373,
                0.0,
                0.9629355159033434,
                -0.0510228109605641,
                0.26486197343832657,
                0.0,
                0.24893627282153244,
                -0.20997352841831737,
                -0.9454849810744145,
                0.0,
                -71.07420000000039,
                128.63699999999974,
                6.700220000000005,
                1.0
            ],
            "parent": "R_ring00_JNT",
            "isLocator": false,
            "isJoint": true,
            "isCurve": false,
            "isSurface": false,
            "children": [
                "R_ring02_JNT",
                "R_ring03_JNT",
                "R_ring04End_JNT"
            ]
        },
        "R_ring00_JNT": {
            "joint_matrix": [
                0.3670100045273297,
                0.9239896734736862,
                -0.10745575783009619,
                0.0,
                0.9205571817821804,
                -0.3441630085656906,
                0.18473304686563866,
                0.0,
                0.13370913075066845,
                -0.16671804596084724,
                -0.9768965971406072,
                0.0,
                -69.8687,
                134.3,
                6.03604,
                1.0
            ],
            "parent": "C_guides_GRP",
            "isLocator": false,
            "isJoint": true,
            "isCurve": false,
            "isSurface": false,
            "children": [
                "R_ring01_JNT",
                "R_ring02_JNT",
                "R_ring03_JNT",
                "R_ring04End_JNT"
            ]
        },
        "R_middle04End_JNT": {
            "joint_matrix": [
                0.08126564488716638,
                0.961197973181176,
                -0.2636178129669395,
                0.0,
                0.9911203819404153,
                -0.05000482928218939,
                0.12320675935493364,
                0.0,
                0.10524392364102725,
                -0.27128946422752664,
                -0.9567265769987701,
                0.0,
                -73.65360000000003,
                111.96,
                15.033600000000048,
                1.0
            ],
            "parent": "R_middle03_JNT",
            "isLocator": false,
            "isJoint": true,
            "isCurve": false,
            "isSurface": false,
            "children": []
        },
        "R_middle03_JNT": {
            "joint_matrix": [
                0.08126564488716638,
                0.961197973181176,
                -0.2636178129669395,
                0.0,
                0.9911203819404153,
                -0.05000482928218939,
                0.12320675935493364,
                0.0,
                0.10524392364102725,
                -0.27128946422752664,
                -0.9567265769987701,
                0.0,
                -73.25960000000015,
                116.61899999999982,
                13.755700000000184,
                1.0
            ],
            "parent": "R_middle02_JNT",
            "isLocator": false,
            "isJoint": true,
            "isCurve": false,
            "isSurface": false,
            "children": [
                "R_middle04End_JNT"
            ]
        },
        "R_middle02_JNT": {
            "joint_matrix": [
                0.06675481452713333,
                0.9618267463619075,
                -0.26539235995091304,
                0.0,
                0.9922033618538539,
                -0.03593517193514642,
                0.11933629851768418,
                0.0,
                0.10524392364102725,
                -0.27128946422752664,
                -0.9567265769987701,
                0.0,
                -72.90340000000002,
                121.75200000000005,
                12.339399999999989,
                1.0
            ],
            "parent": "R_middle01_JNT",
            "isLocator": false,
            "isJoint": true,
            "isCurve": false,
            "isSurface": false,
            "children": [
                "R_middle03_JNT",
                "R_middle04End_JNT"
            ]
        },
        "R_middle01_JNT": {
            "joint_matrix": [
                0.20313985389684278,
                0.9476479157574178,
                -0.24636888504718155,
                0.0,
                0.9734772294693961,
                -0.1684204689453263,
                0.15484388701148483,
                0.0,
                0.10524392364102725,
                -0.27128946422752664,
                -0.9567265769987701,
                0.0,
                -71.32230000000041,
                129.12800000000001,
                10.421799999999973,
                1.0
            ],
            "parent": "R_middle00_JNT",
            "isLocator": false,
            "isJoint": true,
            "isCurve": false,
            "isSurface": false,
            "children": [
                "R_middle02_JNT",
                "R_middle03_JNT",
                "R_middle04End_JNT"
            ]
        },
        "R_middle00_JNT": {
            "joint_matrix": [
                0.25082077105492695,
                0.9382068651070783,
                -0.23844667972811173,
                0.0,
                0.9622955145609138,
                -0.2148718335778108,
                0.16678560426744315,
                0.0,
                0.10524392364102725,
                -0.27128946422752664,
                -0.9567265769987701,
                0.0,
                -69.7622,
                134.963,
                8.93872,
                1.0
            ],
            "parent": "C_guides_GRP",
            "isLocator": false,
            "isJoint": true,
            "isCurve": false,
            "isSurface": false,
            "children": [
                "R_middle01_JNT",
                "R_middle02_JNT",
                "R_middle03_JNT",
                "R_middle04End_JNT"
            ]
        },
        "R_index04End_JNT": {
            "joint_matrix": [
                0.023561142166223917,
                0.9252870250034239,
                -0.3785350630260509,
                0.0,
                0.9957144709165494,
                -0.05559030304678353,
                -0.07390812279136355,
                0.0,
                -0.08942910592865999,
                -0.3751714802160208,
                -0.9226314515803808,
                0.0,
                -73.36779999999978,
                114.84000000000005,
                19.867599999999943,
                1.0
            ],
            "parent": "R_index03_JNT",
            "isLocator": false,
            "isJoint": true,
            "isCurve": false,
            "isSurface": false,
            "children": []
        },
        "R_index03_JNT": {
            "joint_matrix": [
                0.023561142166223917,
                0.9252870250034239,
                -0.3785350630260509,
                0.0,
                0.9957144709165494,
                -0.05559030304678353,
                -0.07390812279136355,
                0.0,
                -0.08942910592865999,
                -0.3751714802160208,
                -0.9226314515803808,
                0.0,
                -73.25950000000006,
                119.09399999999988,
                18.127099999999835,
                1.0
            ],
            "parent": "R_index02_JNT",
            "isLocator": false,
            "isJoint": true,
            "isCurve": false,
            "isSurface": false,
            "children": [
                "R_index04End_JNT"
            ]
        },
        "R_index02_JNT": {
            "joint_matrix": [
                0.05141301425043668,
                0.9233692605014212,
                -0.3804548734432813,
                0.0,
                0.9946653391862438,
                -0.08145900314623727,
                -0.06328739074994637,
                0.0,
                -0.08942910592865999,
                -0.3751714802160208,
                -0.9226314515803808,
                0.0,
                -73.03529999999984,
                123.11999999999951,
                16.468500000000066,
                1.0
            ],
            "parent": "R_index01_JNT",
            "isLocator": false,
            "isJoint": true,
            "isCurve": false,
            "isSurface": false,
            "children": [
                "R_index03_JNT",
                "R_index04End_JNT"
            ]
        },
        "R_index01_JNT": {
            "joint_matrix": [
                0.24919427386828574,
                0.8884526146143311,
                -0.38542725053661797,
                0.0,
                0.964315637581419,
                -0.2643828890406467,
                0.014037061603581247,
                0.0,
                -0.08942910592865999,
                -0.3751714802160208,
                -0.9226314515803808,
                0.0,
                -71.17450000000002,
                129.754,
                13.590399999999969,
                1.0
            ],
            "parent": "R_index00_JNT",
            "isLocator": false,
            "isJoint": true,
            "isCurve": false,
            "isSurface": false,
            "children": [
                "R_index02_JNT",
                "R_index03_JNT",
                "R_index04End_JNT"
            ]
        },
        "R_index00_JNT": {
            "joint_matrix": [
                0.27563389877096023,
                0.8759649136546159,
                -0.3958679374417453,
                0.0,
                0.9554788787037676,
                -0.29477233052400087,
                0.013014818801678294,
                0.0,
                -0.10529038987159003,
                -0.3818307782297161,
                -0.9182152201946874,
                0.0,
                -69.3193,
                135.65,
                10.9259,
                1.0
            ],
            "parent": "C_guides_GRP",
            "isLocator": false,
            "isJoint": true,
            "isCurve": false,
            "isSurface": false,
            "children": [
                "R_index01_JNT",
                "R_index02_JNT",
                "R_index03_JNT",
                "R_index04End_JNT"
            ]
        },
        "R_thumb03End_JNT": {
            "joint_matrix": [
                -0.19509539430148803,
                0.6050654884186428,
                -0.7719025468587702,
                0.0,
                -0.06204594578325408,
                -0.7930634456958587,
                -0.6059708505471804,
                0.0,
                -0.9788197422070155,
                -0.07032869845035515,
                0.1922648861338715,
                0.0,
                -63.693400000000025,
                130.016,
                21.977300000000028,
                1.0
            ],
            "parent": "R_thumb02_JNT",
            "isLocator": false,
            "isJoint": true,
            "isCurve": false,
            "isSurface": false,
            "children": []
        },
        "R_thumb02_JNT": {
            "joint_matrix": [
                -0.19509539430148803,
                0.6050654884186428,
                -0.7719025468587702,
                0.0,
                -0.06204594578325408,
                -0.7930634456958587,
                -0.6059708505471804,
                0.0,
                -0.9788197422070155,
                -0.07032869845035515,
                0.1922648861338715,
                0.0,
                -64.6895,
                133.106,
                18.03610000000001,
                1.0
            ],
            "parent": "R_thumb01_JNT",
            "isLocator": false,
            "isJoint": true,
            "isCurve": false,
            "isSurface": false,
            "children": [
                "R_thumb03End_JNT"
            ]
        },
        "R_thumb01_JNT": {
            "joint_matrix": [
                -0.20365857931559717,
                0.4301907890328954,
                -0.8794652171077646,
                0.0,
                -0.02085893901770183,
                -0.8999943106517585,
                -0.4354022800325257,
                0.0,
                -0.9788197422070155,
                -0.07032869845035515,
                0.1922648861338715,
                0.0,
                -65.5847,
                134.99700000000004,
                14.170700000000004,
                1.0
            ],
            "parent": "R_thumb00_JNT",
            "isLocator": false,
            "isJoint": true,
            "isCurve": false,
            "isSurface": false,
            "children": [
                "R_thumb02_JNT",
                "R_thumb03End_JNT"
            ]
        },
        "R_thumb00_JNT": {
            "joint_matrix": [
                -0.20365857931559717,
                0.4301907890328954,
                -0.8794652171077646,
                0.0,
                -0.02085893901770183,
                -0.8999943106517585,
                -0.4354022800325257,
                0.0,
                -0.9788197422070155,
                -0.07032869845035515,
                0.1922648861338715,
                0.0,
                -66.412,
                136.744,
                10.5979,
                1.0
            ],
            "parent": "C_guides_GRP",
            "isLocator": false,
            "isJoint": true,
            "isCurve": false,
            "isSurface": false,
            "children": [
                "R_thumb01_JNT",
                "R_thumb02_JNT",
                "R_thumb03End_JNT"
            ]
        },
        "R_clavicle_JNT": {
            "joint_matrix": [
                1.0,
                0.0,
                0.0,
                0.0,
                0.0,
                -1.0,
                -1.2246467991473532e-16,
                0.0,
                0.0,
                1.2246467991473532e-16,
                -1.0,
                0.0,
                -3.44785,
                211.755,
                -11.6846,
                1.0
            ],
            "parent": "C_guides_GRP",
            "isLocator": false,
            "isJoint": true,
            "isCurve": false,
            "isSurface": false,
            "children": []
        },
        "R_wrist_JNT": {
            "joint_matrix": [
                0.48697499290454666,
                0.7637871681284446,
                -0.42365613188994233,
                0.0,
                0.8301305140602786,
                -0.5555527169919585,
                -0.04737624160769448,
                0.0,
                -0.2715486805558708,
                -0.3286188376298359,
                -0.9045833149263707,
                0.0,
                -67.25079999999986,
                140.86099999999988,
                3.3655999999998514,
                1.0
            ],
            "parent": "R_elbow_JNT",
            "isLocator": false,
            "isJoint": true,
            "isCurve": false,
            "isSurface": false,
            "children": []
        },
        "R_elbow_JNT": {
            "joint_matrix": [
                0.48697499290454666,
                0.7637871681284446,
                -0.42365613188994233,
                0.0,
                0.8301305140602786,
                -0.5555527169919585,
                -0.04737624160769448,
                0.0,
                -0.2715486805558708,
                -0.3286188376298359,
                -0.9045833149263707,
                0.0,
                -46.57989999999994,
                173.28199999999862,
                -14.617600000000174,
                1.0
            ],
            "parent": "R_shoulder_JNT",
            "isLocator": false,
            "isJoint": true,
            "isCurve": false,
            "isSurface": false,
            "children": [
                "R_wrist_JNT"
            ]
        },
        "R_shoulder_JNT": {
            "joint_matrix": [
                0.5575536161990711,
                0.8277391521492667,
                0.0631019893707972,
                0.0,
                0.8301305140602786,
                -0.5555527169919585,
                -0.04737624160769448,
                0.0,
                -0.004158688417827773,
                0.07879768170489705,
                -0.9968819542295755,
                0.0,
                -20.6649,
                211.755,
                -11.6846,
                1.0
            ],
            "parent": "C_guides_GRP",
            "isLocator": false,
            "isJoint": true,
            "isCurve": false,
            "isSurface": false,
            "children": [
                "R_elbow_JNT",
                "R_wrist_JNT"
            ]
        },
        "L_pinky04End_JNT": {
            "joint_matrix": [
                -0.09054594997580163,
                -0.9857625642027881,
                0.14168132537255412,
                0.0,
                0.9504985808937344,
                -0.12800179676929513,
                -0.2831395199240631,
                0.0,
                0.29724380340383294,
                0.10903076189853941,
                0.9485559626600043,
                0.0,
                69.4498316885985,
                114.99034345217416,
                5.477698386209204,
                1.0
            ],
            "parent": "L_pinky03_JNT",
            "isLocator": false,
            "isJoint": true,
            "isCurve": false,
            "isSurface": false,
            "children": []
        },
        "L_pinky03_JNT": {
            "joint_matrix": [
                -0.09054594997580163,
                -0.9857625642027881,
                0.14168132537255412,
                0.0,
                0.9504985808937344,
                -0.12800179676929513,
                -0.2831395199240631,
                0.0,
                0.29724380340383294,
                0.10903076189853941,
                0.9485559626600043,
                0.0,
                69.83430532901286,
                119.17606044718201,
                4.876095167520478,
                1.0
            ],
            "parent": "L_pinky02_JNT",
            "isLocator": false,
            "isJoint": true,
            "isCurve": false,
            "isSurface": false,
            "children": [
                "L_pinky04End_JNT"
            ]
        },
        "L_pinky02_JNT": {
            "joint_matrix": [
                -0.009250005019440732,
                -0.9930832362405686,
                0.11704752583929011,
                0.0,
                0.9547568060742817,
                -0.043565799175304495,
                -0.29417930314189883,
                0.0,
                0.29724380340383294,
                0.10903076189853941,
                0.9485559626600043,
                0.0,
                69.86566361114117,
                122.54269476077,
                4.479294373356833,
                1.0
            ],
            "parent": "L_pinky01_JNT",
            "isLocator": false,
            "isJoint": true,
            "isCurve": false,
            "isSurface": false,
            "children": [
                "L_pinky03_JNT",
                "L_pinky04End_JNT"
            ]
        },
        "L_pinky01_JNT": {
            "joint_matrix": [
                0.09497682225459365,
                -0.9919078084692602,
                0.08425142569789938,
                0.0,
                0.9500660632674144,
                0.06504761684745515,
                -0.30519384490848406,
                0.0,
                0.29724380340383294,
                0.10903076189853941,
                0.9485559626600043,
                0.0,
                69.30823405867552,
                128.36431221055437,
                3.9848133683436093,
                1.0
            ],
            "parent": "L_pinky00_JNT",
            "isLocator": false,
            "isJoint": true,
            "isCurve": false,
            "isSurface": false,
            "children": [
                "L_pinky02_JNT",
                "L_pinky03_JNT",
                "L_pinky04End_JNT"
            ]
        },
        "L_pinky00_JNT": {
            "joint_matrix": [
                0.10522247842096333,
                -0.9894029703042359,
                0.10004994946578022,
                0.0,
                0.9495442499950243,
                0.07007010723011498,
                -0.3057055730178089,
                0.0,
                0.2954554912949438,
                0.12716895228755895,
                0.9468548517263604,
                0.0,
                68.76350445929735,
                133.48638395535002,
                3.46686159883429,
                1.0
            ],
            "parent": "C_guides_GRP",
            "isLocator": false,
            "isJoint": true,
            "isCurve": false,
            "isSurface": false,
            "children": [
                "L_pinky01_JNT",
                "L_pinky02_JNT",
                "L_pinky03_JNT",
                "L_pinky04End_JNT"
            ]
        },
        "L_ring04End_JNT": {
            "joint_matrix": [
                0.0659136940207882,
                -0.9776259599698184,
                0.1997570207367563,
                0.0,
                0.9662743487303482,
                0.012593639531648541,
                -0.2572066935930874,
                0.0,
                0.2489362728215303,
                0.2099735284183172,
                0.9454849810744149,
                0.0,
                72.1630369300232,
                112.3356819759573,
                10.033778858287134,
                1.0
            ],
            "parent": "L_ring03_JNT",
            "isLocator": false,
            "isJoint": true,
            "isCurve": false,
            "isSurface": false,
            "children": []
        },
        "L_ring03_JNT": {
            "joint_matrix": [
                0.0659136940207882,
                -0.9776259599698184,
                0.1997570207367563,
                0.0,
                0.9662743487303482,
                0.012593639531648541,
                -0.2572066935930874,
                0.0,
                0.2489362728215303,
                0.2099735284183172,
                0.9454849810744149,
                0.0,
                71.87584341799692,
                116.59531022260434,
                9.16341464657694,
                1.0
            ],
            "parent": "L_ring02_JNT",
            "isLocator": false,
            "isJoint": true,
            "isCurve": false,
            "isSurface": false,
            "children": [
                "L_ring04End_JNT"
            ]
        },
        "L_ring02_JNT": {
            "joint_matrix": [
                0.012526919619676627,
                -0.9768327837521039,
                0.21363704938974737,
                0.0,
                0.9684388511199697,
                -0.04133799645214213,
                -0.2457994338698848,
                0.0,
                0.2489362728215303,
                0.2099735284183172,
                0.9454849810744149,
                0.0,
                71.81014506035137,
                121.71838209783164,
                8.042979319835682,
                1.0
            ],
            "parent": "L_ring01_JNT",
            "isLocator": false,
            "isJoint": true,
            "isCurve": false,
            "isSurface": false,
            "children": [
                "L_ring03_JNT",
                "L_ring04End_JNT"
            ]
        },
        "L_ring01_JNT": {
            "joint_matrix": [
                0.1038553045620969,
                -0.9763748205096465,
                0.1894895395241371,
                0.0,
                0.9629355159033438,
                0.051022810960565115,
                -0.26486197343832446,
                0.0,
                0.2489362728215303,
                0.2099735284183172,
                0.9454849810744149,
                0.0,
                71.07420570287599,
                128.6371683946981,
                6.700218730439299,
                1.0
            ],
            "parent": "L_ring00_JNT",
            "isLocator": false,
            "isJoint": true,
            "isCurve": false,
            "isSurface": false,
            "children": [
                "L_ring02_JNT",
                "L_ring03_JNT",
                "L_ring04End_JNT"
            ]
        },
        "L_ring00_JNT": {
            "joint_matrix": [
                0.3670100045273297,
                -0.9239896734736862,
                0.10745575783009599,
                0.0,
                0.9205571817821804,
                0.3441630085656908,
                -0.18473304686563816,
                0.0,
                0.13370913075066806,
                0.16671804596084686,
                0.9768965971406072,
                0.0,
                69.86870055340881,
                134.30002315772313,
                6.036035805215436,
                1.0
            ],
            "parent": "C_guides_GRP",
            "isLocator": false,
            "isJoint": true,
            "isCurve": false,
            "isSurface": false,
            "children": [
                "L_ring01_JNT",
                "L_ring02_JNT",
                "L_ring03_JNT",
                "L_ring04End_JNT"
            ]
        },
        "L_middle04End_JNT": {
            "joint_matrix": [
                0.08126564488716974,
                -0.961197973181176,
                0.2636178129669391,
                0.0,
                0.9911203819404152,
                0.050004829282192395,
                -0.12320675935493429,
                0.0,
                0.105243923641027,
                0.2712894642275266,
                0.95672657699877,
                0.0,
                73.65357229156525,
                111.95954661612231,
                15.03358851277509,
                1.0
            ],
            "parent": "L_middle03_JNT",
            "isLocator": false,
            "isJoint": true,
            "isCurve": false,
            "isSurface": false,
            "children": []
        },
        "L_middle03_JNT": {
            "joint_matrix": [
                0.08126564488716974,
                -0.961197973181176,
                0.2636178129669391,
                0.0,
                0.9911203819404152,
                0.050004829282192395,
                -0.12320675935493429,
                0.0,
                0.105243923641027,
                0.2712894642275266,
                0.95672657699877,
                0.0,
                73.25963530950125,
                116.61897470835571,
                13.755695427663705,
                1.0
            ],
            "parent": "L_middle02_JNT",
            "isLocator": false,
            "isJoint": true,
            "isCurve": false,
            "isSurface": false,
            "children": [
                "L_middle04End_JNT"
            ]
        },
