{
    "moana": {
        "L_cheek_JNT": {
            "joint_matrix": [
                1.0,
                0.0,
                0.0,
                0.0,
                0.0,
                1.0,
                0.0,
                0.0,
                0.0,
                0.0,
                1.0,
                0.0,
                3.109825015068054,
                55.43986511230469,
                2.439435064792633,
                1.0
            ],
            "parent": "C_guides_GRP",
            "isLocator": false,
            "isJoint": true,
            "isCurve": false,
            "isSurface": false,
            "children": []
        },
        "L_cheekbone02_JNT": {
            "joint_matrix": [
                1.0,
                0.0,
                0.0,
                0.0,
                0.0,
                1.0,
                0.0,
                0.0,
                0.0,
                0.0,
                1.0,
                0.0,
                3.5251244306564313,
                56.77850532531738,
                3.430064558982848,
                1.0
            ],
            "parent": "L_cheekbone_JNT",
            "isLocator": false,
            "isJoint": true,
            "isCurve": false,
            "isSurface": false,
            "children": []
        },
        "L_cheekbone00_JNT": {
            "joint_matrix": [
                1.0,
                0.0,
                0.0,
                0.0,
                0.0,
                1.0,
                0.0,
                0.0,
                0.0,
                0.0,
                1.0,
                0.0,
                1.2526000142097458,
                56.84578323364258,
                4.748110055923462,
                1.0
            ],
            "parent": "L_cheekbone_JNT",
            "isLocator": false,
            "isJoint": true,
            "isCurve": false,
            "isSurface": false,
            "children": []
        },
        "L_cheekbone01_JNT": {
            "joint_matrix": [
                1.0,
                0.0,
                0.0,
                0.0,
                0.0,
                1.0,
                0.0,
                0.0,
                0.0,
                0.0,
                1.0,
                0.0,
                2.5703749656677237,
                56.416238784790046,
                4.302809476852415,
                1.0
            ],
            "parent": "L_cheekbone_JNT",
            "isLocator": false,
            "isJoint": true,
            "isCurve": false,
            "isSurface": false,
            "children": []
        },
        "L_cheekbone_JNT": {
            "joint_matrix": [
                1.0,
                0.0,
                0.0,
                0.0,
                0.0,
                1.0,
                0.0,
                0.0,
                0.0,
                0.0,
                1.0,
                0.0,
                2.2788851383844566,
                56.6523841723282,
                3.7427899690907624,
                1.0
            ],
            "parent": "C_guides_GRP",
            "isLocator": false,
            "isJoint": true,
            "isCurve": false,
            "isSurface": false,
            "children": [
                "L_cheekbone01_JNT",
                "L_cheekbone00_JNT",
                "L_cheekbone02_JNT"
            ]
        },
        "L_upInSocket_JNT": {
            "joint_matrix": [
                1.0,
                0.0,
                0.0,
                0.0,
                0.0,
                1.0,
                0.0,
                0.0,
                0.0,
                0.0,
                1.0,
                0.0,
                1.0307350158691406,
                58.667306900024414,
                4.779214859008789,
                1.0
            ],
            "parent": "C_guides_GRP",
            "isLocator": false,
            "isJoint": true,
            "isCurve": false,
            "isSurface": false,
            "children": []
        },
        "L_inSocket_JNT": {
            "joint_matrix": [
                1.0,
                0.0,
                0.0,
                0.0,
                0.0,
                1.0,
                0.0,
                0.0,
                0.0,
                0.0,
                1.0,
                0.0,
                0.8583550155162811,
                57.807987213134766,
                4.61242938041687,
                1.0
            ],
            "parent": "C_guides_GRP",
            "isLocator": false,
            "isJoint": true,
            "isCurve": false,
            "isSurface": false,
            "children": []
        },
        "L_downInSocket_JNT": {
            "joint_matrix": [
                1.0,
                0.0,
                0.0,
                0.0,
                0.0,
                1.0,
                0.0,
                0.0,
                0.0,
                0.0,
                1.0,
                0.0,
                1.311644971370697,
                57.209035873413086,
                4.547989845275879,
                1.0
            ],
            "parent": "C_guides_GRP",
            "isLocator": false,
            "isJoint": true,
            "isCurve": false,
            "isSurface": false,
            "children": []
        },
        "L_lowerSocket_JNT": {
            "joint_matrix": [
                1.0,
                0.0,
                0.0,
                0.0,
                0.0,
                1.0,
                0.0,
                0.0,
                0.0,
                0.0,
                1.0,
                0.0,
                2.375295042991638,
                56.97953414916992,
                4.3381500244140625,
                1.0
            ],
            "parent": "C_guides_GRP",
            "isLocator": false,
            "isJoint": true,
            "isCurve": false,
            "isSurface": false,
            "children": []
        },
        "L_downOutSocket_JNT": {
            "joint_matrix": [
                1.0,
                0.0,
                0.0,
                0.0,
                0.0,
                1.0,
                0.0,
                0.0,
                0.0,
                0.0,
                1.0,
                0.0,
                3.354865074157715,
                57.32236099243164,
                3.645235061645508,
                1.0
            ],
            "parent": "C_guides_GRP",
            "isLocator": false,
            "isJoint": true,
            "isCurve": false,
            "isSurface": false,
            "children": []
        },
        "L_outSocket_JNT": {
            "joint_matrix": [
                1.0,
                0.0,
                0.0,
                0.0,
                0.0,
                1.0,
                0.0,
                0.0,
                0.0,
                0.0,
                1.0,
                0.0,
                3.5043004751205444,
                58.16628646850586,
                3.4744054079055786,
                1.0
            ],
            "parent": "C_guides_GRP",
            "isLocator": false,
            "isJoint": true,
            "isCurve": false,
            "isSurface": false,
            "children": []
        },
        "L_upOutSocket_JNT": {
            "joint_matrix": [
                1.0,
                0.0,
                0.0,
                0.0,
                0.0,
                1.0,
                0.0,
                0.0,
                0.0,
                0.0,
                1.0,
                0.0,
                2.9645450115203857,
                58.9642219543457,
                4.1469104290008545,
                1.0
            ],
            "parent": "C_guides_GRP",
            "isLocator": false,
            "isJoint": true,
            "isCurve": false,
            "isSurface": false,
            "children": []
        },
        "L_upperSocket_JNT": {
            "joint_matrix": [
                1.0,
                0.0,
                0.0,
                0.0,
                0.0,
                1.0,
                0.0,
                0.0,
                0.0,
                0.0,
                1.0,
                0.0,
                2.019005000591278,
                59.13499069213867,
                4.656440019607544,
                1.0
            ],
            "parent": "C_guides_GRP",
            "isLocator": false,
            "isJoint": true,
            "isCurve": false,
            "isSurface": false,
            "children": []
        },
        "C_eyebrowMid_JNT": {
            "joint_matrix": [
                1.0,
                0.0,
                0.0,
                0.0,
                0.0,
                1.0,
                0.0,
                0.0,
                0.0,
                0.0,
                1.0,
                0.0,
                0.0,
                59.505435943603516,
                5.272861003875732,
                1.0
            ],
            "parent": "C_guides_GRP",
            "isLocator": false,
            "isJoint": true,
            "isCurve": false,
            "isSurface": false,
            "children": []
        },
        "L_ear02_JNT": {
            "joint_matrix": [
                0.8846121279367386,
                -0.4663275491617831,
                1.3877787807814463e-17,
                0.0,
                0.4619543002376311,
                0.8763161800697408,
                -0.13663153750118745,
                0.0,
                0.06371505002113496,
                0.12086591513219375,
                0.9906219374514487,
                0.0,
                4.746270510229034,
                58.44751022326009,
                -0.3673586438950031,
                1.0
            ],
            "parent": "L_ear01_JNT",
            "isLocator": false,
            "isJoint": true,
            "isCurve": false,
            "isSurface": false,
            "children": []
        },
        "L_ear01_JNT": {
            "joint_matrix": [
                0.8846121279367386,
                -0.4663275491617831,
                1.3877787807814463e-17,
                0.0,
                0.4619543002376311,
                0.8763161800697408,
                -0.13663153750118745,
                0.0,
                0.06371505002113496,
                0.12086591513219375,
                0.9906219374514487,
                0.0,
                4.2702654425940025,
                57.54454007589012,
                -0.22657133178236433,
                1.0
            ],
            "parent": "L_ear00_JNT",
            "isLocator": false,
            "isJoint": true,
            "isCurve": false,
            "isSurface": false,
            "children": [
                "L_ear02_JNT"
            ]
        },
        "L_ear00_JNT": {
            "joint_matrix": [
                0.8846121279367386,
                -0.4663275491617831,
                1.3877787807814463e-17,
                0.0,
                0.4231752965494248,
                0.8027533441756306,
                -0.42013061874272867,
                0.0,
                0.19591848176612006,
                0.37165264065738385,
                0.9074636429052417,
                0.0,
                3.8555251359939575,
                56.75778770446777,
                0.18518498539924622,
                1.0
            ],
            "parent": "C_guides_GRP",
            "isLocator": false,
            "isJoint": true,
            "isCurve": false,
            "isSurface": false,
            "children": [
                "L_ear01_JNT",
                "L_ear02_JNT"
            ]
        },
        "L_nose_JNT": {
            "joint_matrix": [
                1.0,
                0.0,
                0.0,
                0.0,
                0.0,
                1.0,
                0.0,
                0.0,
                0.0,
                0.0,
                1.0,
                0.0,
                0.8426550328731537,
                56.32617950439453,
                5.241499662399292,
                1.0
            ],
            "parent": "C_guides_GRP",
            "isLocator": false,
            "isJoint": true,
            "isCurve": false,
            "isSurface": false,
            "children": []
        },
        "L_nosetril_JNT": {
            "joint_matrix": [
                1.0,
                0.0,
                0.0,
                0.0,
                0.0,
                1.0,
                0.0,
                0.0,
                0.0,
                0.0,
                1.0,
                0.0,
                0.37814998626708984,
                55.95737075805664,
                5.317130088806152,
                1.0
            ],
            "parent": "C_guides_GRP",
            "isLocator": false,
            "isJoint": true,
            "isCurve": false,
            "isSurface": false,
            "children": []
        },
        "C_noseTip_JNT": {
            "joint_matrix": [
                1.0,
                0.0,
                0.0,
                0.0,
                0.0,
                1.0,
                0.0,
                0.0,
                0.0,
                0.0,
                1.0,
                0.0,
                0.0,
                56.50382995605469,
                5.816140174865723,
                1.0
            ],
            "parent": "C_guides_GRP",
            "isLocator": false,
            "isJoint": true,
            "isCurve": false,
            "isSurface": false,
            "children": []
        },
        "C_noseMain_JNT": {
            "joint_matrix": [
                1.0,
                0.0,
                0.0,
                0.0,
                0.0,
                1.0,
                0.0,
                0.0,
                0.0,
                0.0,
                1.0,
                0.0,
                0.0,
                58.99131393432617,
                5.093055963516235,
                1.0
            ],
            "parent": "C_guides_GRP",
            "isLocator": false,
            "isJoint": true,
            "isCurve": false,
            "isSurface": false,
            "children": []
        },
        "C_throat_JNT": {
            "joint_matrix": [
                1.0,
                0.0,
                0.0,
                0.0,
                0.0,
                1.0,
                0.0,
                0.0,
                0.0,
                0.0,
                1.0,
                0.0,
                0.0,
                52.634490966796875,
                1.3463799953460693,
                1.0
            ],
            "parent": "C_guides_GRP",
            "isLocator": false,
            "isJoint": true,
            "isCurve": false,
            "isSurface": false,
            "children": []
        },
        "C_neck04_JNT": {
            "joint_matrix": [
                1.0,
                0.0,
                0.0,
                0.0,
                0.0,
                1.0,
                0.0,
                0.0,
                0.0,
                0.0,
                1.0,
                0.0,
                0.0,
                56.764138412475575,
                -0.6230699419974997,
                1.0
            ],
            "parent": "C_neck03_JNT",
            "isLocator": false,
            "isJoint": true,
            "isCurve": false,
            "isSurface": false,
            "children": []
        },
        "C_neck03_JNT": {
            "joint_matrix": [
                1.0,
                0.0,
                0.0,
                0.0,
                0.0,
                1.0,
                0.0,
                0.0,
                0.0,
                0.0,
                1.0,
                0.0,
                0.0,
                55.46413841247558,
                -0.6230699419975068,
                1.0
            ],
            "parent": "C_neck02_JNT",
            "isLocator": false,
            "isJoint": true,
            "isCurve": false,
            "isSurface": false,
            "children": [
                "C_neck04_JNT"
            ]
        },
        "C_neck02_JNT": {
            "joint_matrix": [
                1.0,
                0.0,
                0.0,
                0.0,
                0.0,
                1.0,
                0.0,
                0.0,
                0.0,
                0.0,
                1.0,
                0.0,
                0.0,
                54.16413841247558,
                -0.6230699419975139,
                1.0
            ],
            "parent": "C_neck01_JNT",
            "isLocator": false,
            "isJoint": true,
            "isCurve": false,
            "isSurface": false,
            "children": [
                "C_neck03_JNT",
                "C_neck04_JNT"
            ]
        },
        "C_neck01_JNT": {
            "joint_matrix": [
                1.0,
                0.0,
                0.0,
                0.0,
                0.0,
                1.0,
                0.0,
                0.0,
                0.0,
                0.0,
                1.0,
                0.0,
                0.0,
                52.86413841247558,
                -0.6230699419974997,
                1.0
            ],
            "parent": "C_neck00_JNT",
            "isLocator": false,
            "isJoint": true,
            "isCurve": false,
            "isSurface": false,
            "children": [
                "C_neck02_JNT",
                "C_neck03_JNT",
                "C_neck04_JNT"
            ]
        },
        "C_neck00_JNT": {
            "joint_matrix": [
                1.0,
                0.0,
                0.0,
                0.0,
                0.0,
                1.0,
                0.0,
                0.0,
                0.0,
                0.0,
                1.0,
                0.0,
                0.0,
                51.564138412475586,
                -0.6230699419975281,
                1.0
            ],
            "parent": "C_guides_GRP",
            "isLocator": false,
            "isJoint": true,
            "isCurve": false,
            "isSurface": false,
            "children": [
                "C_neck01_JNT",
                "C_neck02_JNT",
                "C_neck03_JNT",
                "C_neck04_JNT"
            ]
        },
        "C_spine07_JNT": {
            "joint_matrix": [
                1.0,
                0.0,
                0.0,
                0.0,
                0.0,
                1.0,
                0.0,
                0.0,
                0.0,
                0.0,
                1.0,
                0.0,
                0.0,
                44.45939598083494,
                -0.5587859153747559,
                1.0
            ],
            "parent": "C_spine06_JNT",
            "isLocator": false,
            "isJoint": true,
            "isCurve": false,
            "isSurface": false,
            "children": []
        },
        "C_spine06_JNT": {
            "joint_matrix": [
                1.0,
                0.0,
                0.0,
                0.0,
                0.0,
                1.0,
                0.0,
                0.0,
                0.0,
                0.0,
                1.0,
                0.0,
                0.0,
                42.909395980834944,
                -0.5587859153747559,
                1.0
            ],
            "parent": "C_spine05_JNT",
            "isLocator": false,
            "isJoint": true,
            "isCurve": false,
            "isSurface": false,
            "children": [
                "C_spine07_JNT"
            ]
        },
        "C_spine05_JNT": {
            "joint_matrix": [
                1.0,
                0.0,
                0.0,
                0.0,
                0.0,
                1.0,
                0.0,
                0.0,
                0.0,
                0.0,
                1.0,
                0.0,
                0.0,
                41.35939598083495,
                -0.5587859153747559,
                1.0
            ],
            "parent": "C_spine04_JNT",
            "isLocator": false,
            "isJoint": true,
            "isCurve": false,
            "isSurface": false,
            "children": [
                "C_spine06_JNT",
                "C_spine07_JNT"
            ]
        },
        "C_spine04_JNT": {
            "joint_matrix": [
                1.0,
                0.0,
                0.0,
                0.0,
                0.0,
                1.0,
                0.0,
                0.0,
                0.0,
                0.0,
                1.0,
                0.0,
                0.0,
                39.80939598083495,
                -0.5587859153747559,
                1.0
            ],
            "parent": "C_spine03_JNT",
            "isLocator": false,
            "isJoint": true,
            "isCurve": false,
            "isSurface": false,
            "children": [
                "C_spine05_JNT",
                "C_spine06_JNT",
                "C_spine07_JNT"
            ]
        },
        "C_spine03_JNT": {
            "joint_matrix": [
                1.0,
                0.0,
                0.0,
                0.0,
                0.0,
                1.0,
                0.0,
                0.0,
                0.0,
                0.0,
                1.0,
                0.0,
                0.0,
                38.25939598083495,
                -0.5587859153747559,
                1.0
            ],
            "parent": "C_spine02_JNT",
            "isLocator": false,
            "isJoint": true,
            "isCurve": false,
            "isSurface": false,
            "children": [
                "C_spine04_JNT",
                "C_spine05_JNT",
                "C_spine06_JNT",
                "C_spine07_JNT"
            ]
        },
        "C_spine02_JNT": {
            "joint_matrix": [
                1.0,
                0.0,
                0.0,
                0.0,
                0.0,
                1.0,
                0.0,
                0.0,
                0.0,
                0.0,
                1.0,
                0.0,
                0.0,
                36.709395980834955,
                -0.5587859153747559,
                1.0
            ],
            "parent": "C_spine01_JNT",
            "isLocator": false,
            "isJoint": true,
            "isCurve": false,
            "isSurface": false,
            "children": [
                "C_spine03_JNT",
                "C_spine04_JNT",
                "C_spine05_JNT",
                "C_spine06_JNT",
                "C_spine07_JNT"
            ]
        },
        "C_spine01_JNT": {
            "joint_matrix": [
                1.0,
                0.0,
                0.0,
                0.0,
                0.0,
                1.0,
                0.0,
                0.0,
                0.0,
                0.0,
                1.0,
                0.0,
                0.0,
                35.15939598083496,
                -0.5587859153747559,
                1.0
            ],
            "parent": "C_spine00_JNT",
            "isLocator": false,
            "isJoint": true,
            "isCurve": false,
            "isSurface": false,
            "children": [
                "C_spine02_JNT",
                "C_spine03_JNT",
                "C_spine04_JNT",
                "C_spine05_JNT",
                "C_spine06_JNT",
                "C_spine07_JNT"
            ]
        },
        "C_spine00_JNT": {
            "joint_matrix": [
                1.0,
                0.0,
                0.0,
                0.0,
                0.0,
                1.0,
                0.0,
                0.0,
                0.0,
                0.0,
                1.0,
                0.0,
                0.0,
                33.60939598083496,
                -0.5587859153747559,
                1.0
            ],
            "parent": "C_guides_GRP",
            "isLocator": false,
            "isJoint": true,
            "isCurve": false,
            "isSurface": false,
            "children": [
                "C_spine01_JNT",
                "C_spine02_JNT",
                "C_spine03_JNT",
                "C_spine04_JNT",
                "C_spine05_JNT",
                "C_spine06_JNT",
                "C_spine07_JNT"
            ]
        },
        "L_tip_JNT": {
            "joint_matrix": [
                0.0,
                -0.18423741064955254,
                0.9828817713830835,
                0.0,
                0.0,
                0.9828817713830835,
                0.18423741064955254,
                0.0,
                -1.0,
                0.0,
                0.0,
                0.0,
                3.373830645943786,
                0.45092335153975577,
                5.170546934016631,
                1.0
            ],
            "parent": "L_ball_JNT",
            "isLocator": false,
            "isJoint": true,
            "isCurve": false,
            "isSurface": false,
            "children": []
        },
        "L_ball_JNT": {
            "joint_matrix": [
                0.0,
                -0.18423741064955254,
                0.9828817713830835,
                0.0,
                0.0,
                0.9828817713830835,
                0.18423741064955254,
                0.0,
                -1.0,
                0.0,
                0.0,
                0.0,
                3.373830645943787,
                0.7272794675140846,
                3.6962242769420057,
                1.0
            ],
            "parent": "L_ankle_JNT",
            "isLocator": false,
            "isJoint": true,
            "isCurve": false,
            "isSurface": false,
            "children": [
                "L_tip_JNT"
            ]
        },
        "L_ankle_JNT": {
            "joint_matrix": [
                0.0,
                -0.3710106966440624,
                0.9286285925900017,
                0.0,
                0.0,
                0.9286285925900017,
                0.3710106966440624,
                0.0,
                -1.0,
                0.0,
                0.0,
                0.0,
                3.373830645943787,
                2.576161915473712,
                -0.9314727707263457,
                1.0
            ],
            "parent": "L_knee_JNT",
            "isLocator": false,
            "isJoint": true,
            "isCurve": false,
            "isSurface": false,
            "children": [
                "L_ball_JNT",
                "L_tip_JNT"
            ]
        },
        "L_knee_JNT": {
            "joint_matrix": [
                0.0,
                -0.9979199801031599,
                -0.06446482227470235,
                0.0,
                0.0,
                -0.06446482227470235,
                0.9979199801031599,
                0.0,
                -1.0,
                0.0,
                0.0,
                0.0,
                3.3738306459437966,
                16.995425880382278,
                -1.1835014717465743e-15,
                1.0
            ],
            "parent": "L_hip_JNT",
            "isLocator": false,
            "isJoint": true,
            "isCurve": false,
            "isSurface": false,
            "children": [
                "L_ankle_JNT",
                "L_ball_JNT",
                "L_tip_JNT"
            ]
        },
        "L_hip_JNT": {
            "joint_matrix": [
                0.0,
                -1.0,
                0.0,
                0.0,
                0.0,
                0.0,
                1.0,
                0.0,
                -1.0,
                0.0,
                0.0,
                0.0,
                3.3738306459437997,
                32.37737655639649,
                0.0,
                1.0
            ],
            "parent": "C_guides_GRP",
            "isLocator": false,
            "isJoint": true,
            "isCurve": false,
            "isSurface": false,
            "children": [
                "L_knee_JNT",
                "L_ankle_JNT",
                "L_ball_JNT",
                "L_tip_JNT"
            ]
        },
        "L_wrist_JNT": {
            "joint_matrix": [
                0.7925955386938685,
                -0.6045650584150384,
                0.07933096612419109,
                0.0,
                0.6064764706562039,
                0.795101434120449,
                0.0,
                0.0,
                -0.0630761649355051,
                0.04811236434874629,
                0.9968483324025789,
                0.0,
                18.366540468816407,
                38.232737761229146,
                0.3186375183375636,
                1.0
            ],
            "parent": "L_elbow_JNT",
            "isLocator": false,
            "isJoint": true,
            "isCurve": false,
            "isSurface": false,
            "children": []
        },
        "L_elbow_JNT": {
            "joint_matrix": [
                0.7925955386938685,
                -0.6045650584150384,
                0.07933096612419109,
                0.0,
                0.6064764706562039,
                0.795101434120449,
                0.0,
                0.0,
                -0.0630761649355051,
                0.04811236434874629,
                0.9968483324025789,
                0.0,
                11.26900966207662,
                43.64649410642666,
                -0.39175504446029663,
                1.0
            ],
            "parent": "L_shoulder_JNT",
            "isLocator": false,
            "isJoint": true,
            "isCurve": false,
            "isSurface": false,
            "children": [
                "L_wrist_JNT"
            ]
        },
        "L_shoulder_JNT": {
            "joint_matrix": [
                0.795101434120449,
                -0.6064764706562039,
                0.0,
                0.0,
                0.6064764706562039,
                0.795101434120449,
                0.0,
                0.0,
                0.0,
                0.0,
                1.0,
                0.0,
                4.654104948043823,
                48.69211959838867,
                -0.39175504446029663,
                1.0
            ],
            "parent": "C_guides_GRP",
            "isLocator": false,
            "isJoint": true,
            "isCurve": false,
            "isSurface": false,
            "children": [
                "L_elbow_JNT",
                "L_wrist_JNT"
            ]
        },
        "L_clavicle_JNT": {
            "joint_matrix": [
                1.0,
                0.0,
                0.0,
                0.0,
                0.0,
                1.0,
                0.0,
                0.0,
                0.0,
                0.0,
                1.0,
                0.0,
                0.7272224923461459,
                48.69211959838867,
                -0.39175504446029663,
                1.0
            ],
            "parent": "C_guides_GRP",
            "isLocator": false,
            "isJoint": true,
            "isCurve": false,
            "isSurface": false,
            "children": []
        },
        "L_jaw_JNT": {
            "joint_matrix": [
                1.0,
                -4.235164736271502e-22,
                8.470329472543003e-22,
                0.0,
                -2.117582368135751e-22,
                0.7878639750573141,
                0.6158492971554713,
                0.0,
                8.470329472543003e-22,
                -0.6158492971554713,
                0.7878639750573141,
                0.0,
                2.8984946012496944,
                54.993797302246094,
                1.0751450359821384,
                1.0
            ],
            "parent": "C_jaw_JNT",
            "isLocator": false,
            "isJoint": true,
            "isCurve": false,
            "isSurface": false,
            "children": []
        },
        "C_chin_JNT": {
            "joint_matrix": [
                0.9999999999759839,
                -1.9058241313221758e-21,
                6.930525092103181e-06,
                0.0,
                -4.2681590068264736e-06,
                0.7878639750644904,
                0.6158492971315003,
                0.0,
                -5.460311048348607e-06,
                -0.6158492971462906,
                0.7878639750455689,
                0.0,
                -3.3881317890172014e-20,
                53.758689880371094,
                4.5738501548767125,
                1.0
            ],
            "parent": "C_jaw_JNT",
            "isLocator": false,
            "isJoint": true,
            "isCurve": false,
            "isSurface": false,
            "children": []
        },
        "R_jaw_JNT": {
            "joint_matrix": [
                -0.9999999999733576,
                7.179609486222494e-06,
                -1.3184428089481918e-06,
                0.0,
                4.844593591871803e-06,
                0.7878639750317772,
                0.6158492971690858,
                0.0,
                5.460311048348608e-06,
                0.6158492971462907,
                -0.7878639750455688,
                0.0,
                -2.8980018796016087,
                54.9934282139464,
                1.0749509918072166,
                1.0
            ],
            "parent": "C_jaw_JNT",
            "isLocator": false,
            "isJoint": true,
            "isCurve": false,
            "isSurface": false,
            "children": []
        },
        "C_jaw_JNT": {
            "joint_matrix": [
                0.9999999999833237,
                -1.8808638510879476e-06,
                5.460311048348607e-06,
                0.0,
                -1.8808638510879476e-06,
                0.7878639750622453,
                0.6158492971462906,
                0.0,
                -5.460311048348607e-06,
                -0.6158492971462906,
                0.7878639750455689,
                0.0,
                0.0,
                56.232421875,
                1.1575149893760681,
                1.0
            ],
            "parent": "C_guides_GRP",
            "isLocator": false,
            "isJoint": true,
            "isCurve": false,
            "isSurface": false,
            "children": [
                "R_jaw_JNT",
                "C_chin_JNT",
                "L_jaw_JNT"
            ]
        },
        "L_eyeEnd_JNT": {
            "joint_matrix": [
                0.9793473884901752,
                0.0,
                -0.20218479828482117,
                0.0,
                0.0,
                1.0,
                0.0,
                0.0,
                0.20218479828482117,
                0.0,
                0.9793473884901752,
                0.0,
                1.990267038345337,
                58.11775207519531,
                4.329370021820068,
                1.0
            ],
            "parent": "L_eye_JNT",
            "isLocator": false,
            "isJoint": true,
            "isCurve": false,
            "isSurface": false,
            "children": []
        },
        "L_eye_JNT": {
            "joint_matrix": [
                0.9793473884901752,
                0.0,
                -0.20218479828482117,
                0.0,
                0.0,
                1.0,
                0.0,
                0.0,
                0.20218479828482117,
                0.0,
                0.9793473884901752,
                0.0,
                1.6591254975646734,
                58.11775207519531,
                2.72537899017334,
                1.0
            ],
            "parent": "C_guides_GRP",
            "isLocator": false,
            "isJoint": true,
            "isCurve": false,
            "isSurface": false,
            "children": [
                "L_eyeEnd_JNT"
            ]
        },
        "C_nose_JNT": {
            "joint_matrix": [
                1.0,
                0.0,
                0.0,
                0.0,
                0.0,
                1.0,
                0.0,
                0.0,
                0.0,
                0.0,
                1.0,
                0.0,
                0.0,
                56.28971189283812,
                4.963275257779196,
                1.0
            ],
            "parent": "C_guides_GRP",
            "isLocator": false,
            "isJoint": true,
            "isCurve": false,
            "isSurface": false,
            "children": []
        },
        "L_thumb03End_JNT": {
            "joint_matrix": [
                0.321199766531532,
                -0.801157029560279,
                0.5049535859524513,
                0.0,
                0.429993567465004,
                0.59845418704037,
                0.6759867735041631,
                0.0,
                -0.8437631432569265,
                2.2204460492503136e-16,
                0.5367157143974746,
                0.0,
                19.443340059737803,
                34.395691828231236,
                3.355194456469015,
                1.0
            ],
            "parent": "L_thumb02_JNT",
            "isLocator": false,
            "isJoint": true,
            "isCurve": false,
            "isSurface": false,
            "children": []
        },
        "L_thumb02_JNT": {
            "joint_matrix": [
                0.321199766531532,
                -0.801157029560279,
                0.5049535859524513,
                0.0,
                0.429993567465004,
                0.59845418704037,
                0.6759867735041631,
                0.0,
                -0.8437631432569265,
                2.2204460492503136e-16,
                0.5367157143974746,
                0.0,
                19.033283233642578,
                35.41848182678225,
                2.710549950599677,
                1.0
            ],
            "parent": "L_thumb01_JNT",
            "isLocator": false,
            "isJoint": true,
            "isCurve": false,
            "isSurface": false,
            "children": [
                "L_thumb03End_JNT"
            ]
        },
        "L_thumb01_JNT": {
            "joint_matrix": [
                0.2998504476182017,
                -0.82938566872902,
                0.47139062524628184,
                0.0,
                0.4451443217029233,
                0.5586764828654561,
                0.6998050588190456,
                0.0,
                -0.8437631432569265,
                2.2204460492503136e-16,
                0.5367157143974746,
                0.0,
                18.722282409667965,
                36.27870941162111,
                2.221629977226261,
                1.0
            ],
            "parent": "L_thumb00_JNT",
            "isLocator": false,
            "isJoint": true,
            "isCurve": false,
            "isSurface": false,
            "children": [
                "L_thumb02_JNT",
                "L_thumb03End_JNT"
            ]
        },
        "L_thumb00_JNT": {
            "joint_matrix": [
                0.2998504476182017,
                -0.82938566872902,
                0.47139062524628184,
                0.0,
                0.4451443217029233,
                0.5586764828654561,
                0.6998050588190456,
                0.0,
                -0.8437631432569265,
                2.2204460492503136e-16,
                0.5367157143974746,
                0.0,
                18.394245984187737,
                37.18605743219442,
                1.7059285769483004,
                1.0
            ],
            "parent": "C_guides_GRP",
            "isLocator": false,
            "isJoint": true,
