{
    "yin": {
        "C_neck00_JNT": {
            "joint_matrix": [
                1.0,
                0.0,
                0.0,
                0.0,
                0.0,
                1.0,
                0.0,
                0.0,
                0.0,
                0.0,
                1.0,
                0.0,
                0.0,
                0.0,
                0.0,
                1.0
            ],
            "parent": "C_guides_GRP",
            "isLocator": false,
            "isJoint": true,
            "isCurve": false,
            "isSurface": false,
            "children": []
        },
        "L_jaw_JNT": {
            "joint_matrix": [
                1.0,
                -4.235164736271502e-22,
                8.470329472543003e-22,
                0.0,
                -4.235164736271502e-22,
                0.9999999999999999,
                0.0,
                0.0,
                0.0,
                0.0,
                1.0,
                0.0,
                8.330590724945068,
                131.66030883789062,
                1.8499235510826455,
                1.0
            ],
            "parent": "C_jaw_JNT",
            "isLocator": false,
            "isJoint": true,
            "isCurve": false,
            "isSurface": false,
            "children": []
        },
        "R_jaw_JNT": {
            "joint_matrix": [
                1.0,
                -4.235164736271502e-22,
                8.470329472543003e-22,
                0.0,
                -4.235164736271502e-22,
                0.9999999999999999,
                0.0,
                0.0,
                0.0,
                0.0,
                1.0,
                0.0,
                -8.330590000000011,
                131.66,
                1.849919999999982,
                1.0
            ],
            "parent": "C_jaw_JNT",
            "isLocator": false,
            "isJoint": true,
            "isCurve": false,
            "isSurface": false,
            "children": []
        },
        "C_chin_JNT": {
            "joint_matrix": [
                0.9999999999759839,
                -1.9058241313221758e-21,
                6.930525092103181e-06,
                0.0,
                -4.2681590068264736e-06,
                0.7878639750644904,
                0.6158492971315003,
                0.0,
                -5.460311048348607e-06,
                -0.6158492971462906,
                0.7878639750455689,
                0.0,
                1.6940658945086007e-19,
                127.67012786865234,
                9.909837722778324,
                1.0
            ],
            "parent": "C_jaw_JNT",
            "isLocator": false,
            "isJoint": true,
            "isCurve": false,
            "isSurface": false,
            "children": []
        },
        "C_jaw_JNT": {
            "joint_matrix": [
                0.9999999999833237,
                -1.8808638510879476e-06,
                5.460311048348607e-06,
                0.0,
                -1.8808638510879476e-06,
                0.7878639750622453,
                0.6158492971462906,
                0.0,
                -5.460311048348607e-06,
                -0.6158492971462906,
                0.7878639750455689,
                0.0,
                0.0,
                131.66,
                1.84992,
                1.0
            ],
            "parent": "C_guides_GRP",
            "isLocator": false,
            "isJoint": true,
            "isCurve": false,
            "isSurface": false,
            "children": [
                "C_chin_JNT",
                "R_jaw_JNT",
                "L_jaw_JNT"
            ]
        },
        "C_upperTeeth_JNT": {
            "joint_matrix": [
                1.0,
                0.0,
                0.0,
                0.0,
                0.0,
                1.0,
                0.0,
                0.0,
                0.0,
                0.0,
                1.0,
                0.0,
                0.0,
                131.9763946533203,
                6.136599063873291,
                1.0
            ],
            "parent": "C_guides_GRP",
            "isLocator": false,
            "isJoint": true,
            "isCurve": false,
            "isSurface": false,
            "children": []
        },
        "C_lowerTeeth_JNT": {
            "joint_matrix": [
                1.0,
                0.0,
                0.0,
                0.0,
                0.0,
                1.0,
                0.0,
                0.0,
                0.0,
                0.0,
                1.0,
                0.0,
                0.0,
                129.73306274414062,
                6.609170079231262,
                1.0
            ],
            "parent": "C_guides_GRP",
            "isLocator": false,
            "isJoint": true,
            "isCurve": false,
            "isSurface": false,
            "children": []
        },
        "L_eyebrow09_JNT": {
            "joint_matrix": [
                0.4219554217446029,
                -0.5609074816592107,
                -0.7122755218867602,
                0.0,
                0.2858848917518561,
                0.8278784916995503,
                -0.48258370429315917,
                0.0,
                0.8603623949989702,
                -4.996003610813203e-16,
                0.509682792795319,
                0.0,
                8.589355945587158,
                141.08956909179688,
                6.6154303550720215,
                1.0
            ],
            "parent": "L_eyebrowMain_JNT",
            "isLocator": false,
            "isJoint": true,
            "isCurve": false,
            "isSurface": false,
            "children": []
        },
        "L_eyebrow08_JNT": {
            "joint_matrix": [
                0.42195542174460277,
                -0.5609074816592107,
                -0.7122755218867604,
                0.0,
                0.28588489175185616,
                0.8278784916995503,
                -0.4825837042931591,
                0.0,
                0.8603623949989702,
                -6.38378239159465e-16,
                0.5096827927953189,
                0.0,
                8.237078189849854,
                141.55785369873047,
                7.210087537765503,
                1.0
            ],
            "parent": "L_eyebrowMain_JNT",
            "isLocator": false,
            "isJoint": true,
            "isCurve": false,
            "isSurface": false,
            "children": []
        },
        "L_eyebrow07_JNT": {
            "joint_matrix": [
                0.5299835612125174,
                -0.4334025777063747,
                -0.7288893129151831,
                0.0,
                0.25487808844034743,
                0.9012004247876662,
                -0.3505352398768554,
                0.0,
                0.8087982349619046,
                -3.0531133177191805e-16,
                0.5880862310261207,
                0.0,
                7.795864820480347,
                141.91866302490234,
                7.816890716552734,
                1.0
            ],
            "parent": "L_eyebrowMain_JNT",
            "isLocator": false,
            "isJoint": true,
            "isCurve": false,
            "isSurface": false,
            "children": []
        },
        "L_eyebrow06_JNT": {
            "joint_matrix": [
                0.6306501936231032,
                -0.26135094701382233,
                -0.730736625452783,
                0.0,
                0.17075584164394872,
                0.9652438461316282,
                -0.19785540187088269,
                0.0,
                0.7570487275120469,
                1.6653345369377353e-16,
                0.6533584193782084,
                0.0,
                7.281783103942871,
                142.13170623779297,
                8.412559032440186,
                1.0
            ],
            "parent": "L_eyebrowMain_JNT",
            "isLocator": false,
            "isJoint": true,
            "isCurve": false,
            "isSurface": false,
            "children": []
        },
        "L_eyebrow05_JNT": {
            "joint_matrix": [
                0.7242243199527472,
                -0.11598838933470121,
                -0.6797395294732554,
                0.0,
                0.08457242812579356,
                0.9932505693628078,
                -0.0793776471140693,
                0.0,
                0.6843585601056571,
                -1.65145674912992e-15,
                0.729145637859894,
                0.0,
                6.66120982170105,
                142.23109436035156,
                8.995014190673828,
                1.0
            ],
            "parent": "L_eyebrowMain_JNT",
            "isLocator": false,
            "isJoint": true,
            "isCurve": false,
            "isSurface": false,
            "children": []
        },
        "L_eyebrow04_JNT": {
            "joint_matrix": [
                0.8087848370365458,
                0.005840287189250965,
                -0.5880756570589495,
                0.0,
                -0.004723616282124652,
                0.9999829453773434,
                0.0034345893018199155,
                0.0,
                0.5880856866384246,
                4.492261597432988e-14,
                0.8087986307919992,
                0.0,
                5.980793476104736,
                142.22618103027344,
                9.489751815795898,
                1.0
            ],
            "parent": "L_eyebrowMain_JNT",
            "isLocator": false,
            "isJoint": true,
            "isCurve": false,
            "isSurface": false,
            "children": []
        },
        "L_eyebrow03_JNT": {
            "joint_matrix": [
                0.8919669298468369,
                0.09896829744780687,
                -0.4411352084790901,
                0.0,
                -0.0887119721465068,
                0.9950905868815575,
                0.04387379511274328,
                0.0,
                0.4433116083044581,
                -2.2690183065776653e-15,
                0.896367568546807,
                0.0,
                5.200286388397217,
                142.13957977294922,
                9.875762939453125,
                1.0
            ],
            "parent": "L_eyebrowMain_JNT",
            "isLocator": false,
            "isJoint": true,
            "isCurve": false,
            "isSurface": false,
            "children": []
        },
        "L_eyebrow02_JNT": {
            "joint_matrix": [
                0.9262115377322,
                0.2189508820779623,
                -0.3069082902253305,
                0.0,
                -0.20783783494902522,
                0.9757358819051815,
                0.0688688835862721,
                0.0,
                0.31454033403596304,
                -1.1796119636642286e-15,
                0.9492441088911454,
                0.0,
                4.217315435409546,
                141.90721130371094,
                10.201478958129883,
                1.0
            ],
            "parent": "L_eyebrowMain_JNT",
            "isLocator": false,
            "isJoint": true,
            "isCurve": false,
            "isSurface": false,
            "children": []
        },
        "L_eyebrow01_JNT": {
            "joint_matrix": [
                0.8800015169602728,
                0.4598766538228821,
                -0.11878886065741937,
                0.0,
                -0.45574323102680336,
                0.8879828057280552,
                0.061519461185714816,
                0.0,
                0.13377382973088744,
                -2.6333102365327928e-15,
                0.9910118881623629,
                0.0,
                3.101286292076111,
                141.32398986816406,
                10.352128505706787,
                1.0
            ],
            "parent": "L_eyebrowMain_JNT",
            "isLocator": false,
            "isJoint": true,
            "isCurve": false,
            "isSurface": false,
            "children": []
        },
        "L_eyebrow00_JNT": {
            "joint_matrix": [
                0.771666318740398,
                0.6360195053706417,
                0.0032064481481273817,
                0.0,
                -0.6360140147154887,
                0.771672980470409,
                -0.002642782132887744,
                0.0,
                -0.004155190384150913,
                5.084257667653523e-14,
                0.9999913671591728,
                0.0,
                2.132745623588562,
                140.52570343017578,
                10.348104000091553,
                1.0
            ],
            "parent": "L_eyebrowMain_JNT",
            "isLocator": false,
            "isJoint": true,
            "isCurve": false,
            "isSurface": false,
            "children": []
        },
        "L_eyebrowMain_JNT": {
            "joint_matrix": [
                1.0,
                0.0,
                0.0,
                0.0,
                0.0,
                1.0,
                0.0,
                0.0,
                0.0,
                0.0,
                1.0,
                0.0,
                4.839132070541382,
                141.13240814208984,
                8.915524959564209,
                1.0
            ],
            "parent": "C_guides_GRP",
            "isLocator": false,
            "isJoint": true,
            "isCurve": false,
            "isSurface": false,
            "children": [
                "L_eyebrow00_JNT",
                "L_eyebrow01_JNT",
                "L_eyebrow02_JNT",
                "L_eyebrow03_JNT",
                "L_eyebrow04_JNT",
                "L_eyebrow05_JNT",
                "L_eyebrow06_JNT",
                "L_eyebrow07_JNT",
                "L_eyebrow08_JNT",
                "L_eyebrow09_JNT"
            ]
        },
        "C_nose_JNT": {
            "joint_matrix": [
                1.0,
                0.0,
                0.0,
                0.0,
                0.0,
                1.0,
                0.0,
                0.0,
                0.0,
                0.0,
                1.0,
                0.0,
                0.0,
                134.16439819335938,
                10.487225953927119,
                1.0
            ],
            "parent": "C_guides_GRP",
            "isLocator": false,
            "isJoint": true,
            "isCurve": false,
            "isSurface": false,
            "children": []
        },
        "L_eyeEnd_JNT": {
            "joint_matrix": [
                1.0,
                0.0,
                0.0,
                0.0,
                0.0,
                1.0,
                0.0,
                0.0,
                0.0,
                0.0,
                1.0,
                0.0,
                4.6264742612838745,
                138.92768859863278,
                8.630767822265627,
                1.0
            ],
            "parent": "L_eye_JNT",
            "isLocator": false,
            "isJoint": true,
            "isCurve": false,
            "isSurface": false,
            "children": []
        },
        "L_eye_JNT": {
            "joint_matrix": [
                1.0,
                0.0,
                0.0,
                0.0,
                0.0,
                1.0,
                0.0,
                0.0,
                0.0,
                0.0,
                1.0,
                0.0,
                4.6264742612838745,
                138.9276885986328,
                5.712748765945435,
                1.0
            ],
            "parent": "C_guides_GRP",
            "isLocator": false,
            "isJoint": true,
            "isCurve": false,
            "isSurface": false,
            "children": [
                "L_eyeEnd_JNT"
            ]
        },
        "C_noseMain_JNT": {
            "joint_matrix": [
                1.0,
                0.0,
                0.0,
                0.0,
                0.0,
                1.0,
                0.0,
                0.0,
                0.0,
                0.0,
                1.0,
                0.0,
                0.0,
                139.22872161865234,
                10.212892532348633,
                1.0
            ],
            "parent": "C_guides_GRP",
            "isLocator": false,
            "isJoint": true,
            "isCurve": false,
            "isSurface": false,
            "children": []
        },
        "C_noseTip_JNT": {
            "joint_matrix": [
                1.0,
                0.0,
                0.0,
                0.0,
                0.0,
                1.0,
                0.0,
                0.0,
                0.0,
                0.0,
                1.0,
                0.0,
                0.0,
                134.16439819335938,
                12.713624954223633,
                1.0
            ],
            "parent": "C_guides_GRP",
            "isLocator": false,
            "isJoint": true,
            "isCurve": false,
            "isSurface": false,
            "children": []
        },
        "L_nosetril_JNT": {
            "joint_matrix": [
                1.0,
                0.0,
                0.0,
                0.0,
                0.0,
                1.0,
                0.0,
                0.0,
                0.0,
                0.0,
                1.0,
                0.0,
                0.3963959217071533,
                132.9336700439453,
                11.365482330322266,
                1.0
            ],
            "parent": "C_guides_GRP",
            "isLocator": false,
            "isJoint": true,
            "isCurve": false,
            "isSurface": false,
            "children": []
        },
        "L_nose_JNT": {
            "joint_matrix": [
                1.0,
                0.0,
                0.0,
                0.0,
                0.0,
                1.0,
                0.0,
                0.0,
                0.0,
                0.0,
                1.0,
                0.0,
                1.7743273973464966,
                133.78650665283203,
                11.148282527923584,
                1.0
            ],
            "parent": "C_guides_GRP",
            "isLocator": false,
            "isJoint": true,
            "isCurve": false,
            "isSurface": false,
            "children": []
        },
        "L_ear02_JNT": {
            "joint_matrix": [
                0.8216673019896132,
                -0.5519613343357656,
                0.14213208729696145,
                0.0,
                0.569967406823504,
                0.7957096756002657,
                -0.20489818768112641,
                0.0,
                7.216449660063518e-16,
                0.24936879827757355,
                0.9684085927156982,
                0.0,
                12.317657417134358,
                138.20929232810204,
                -4.024752015147126,
                1.0
            ],
            "parent": "L_ear01_JNT",
            "isLocator": false,
            "isJoint": true,
            "isCurve": false,
            "isSurface": false,
            "children": []
        },
        "L_ear01_JNT": {
            "joint_matrix": [
                0.8216673019896132,
                -0.5519613343357656,
                0.14213208729696145,
                0.0,
                0.569967406823504,
                0.7957096756002657,
                -0.20489818768112641,
                0.0,
                7.216449660063518e-16,
                0.24936879827757355,
                0.9684085927156982,
                0.0,
                10.676959991455078,
                135.9187774658204,
                -3.4349359571933924,
                1.0
            ],
            "parent": "L_ear00_JNT",
            "isLocator": false,
            "isJoint": true,
            "isCurve": false,
            "isSurface": false,
            "children": [
                "L_ear02_JNT"
            ]
        },
        "L_ear00_JNT": {
            "joint_matrix": [
                0.3421627417990736,
                -0.003131798188116818,
                0.9396354878167648,
                0.0,
                0.569967406823504,
                0.7957096756002657,
                -0.20489818768112641,
                0.0,
                -0.7470353494202472,
                0.605670128036895,
                0.27404722717141383,
                0.0,
                9.08176565170288,
                133.69178771972656,
                -2.861477851867676,
                1.0
            ],
            "parent": "C_guides_GRP",
            "isLocator": false,
            "isJoint": true,
            "isCurve": false,
            "isSurface": false,
            "children": [
                "L_ear01_JNT",
                "L_ear02_JNT"
            ]
        },
        "C_eyebrowMid_JNT": {
            "joint_matrix": [
                1.0,
                0.0,
                0.0,
                0.0,
                0.0,
                1.0,
                0.0,
                0.0,
                0.0,
                0.0,
                1.0,
                0.0,
                1.817886394965541e-17,
                141.54559326171875,
                10.86563777923584,
                1.0
            ],
            "parent": "C_guides_GRP",
            "isLocator": false,
            "isJoint": true,
            "isCurve": false,
            "isSurface": false,
            "children": []
        },
        "L_upperSocket_JNT": {
            "joint_matrix": [
                1.0,
                0.0,
                0.0,
                0.0,
                0.0,
                1.0,
                0.0,
                0.0,
                0.0,
                0.0,
                1.0,
                0.0,
                5.662227630615234,
                141.364990234375,
                9.449535369873047,
                1.0
            ],
            "parent": "C_guides_GRP",
            "isLocator": false,
            "isJoint": true,
            "isCurve": false,
            "isSurface": false,
            "children": []
        },
        "L_upOutSocket_JNT": {
            "joint_matrix": [
                1.0,
                0.0,
                0.0,
                0.0,
                0.0,
                1.0,
                0.0,
                0.0,
                0.0,
                0.0,
                1.0,
                0.0,
                7.697564601898193,
                140.99668884277344,
                7.801779747009277,
                1.0
            ],
            "parent": "C_guides_GRP",
            "isLocator": false,
            "isJoint": true,
            "isCurve": false,
            "isSurface": false,
            "children": []
        },
        "L_outSocket_JNT": {
            "joint_matrix": [
                1.0,
                0.0,
                0.0,
                0.0,
                0.0,
                1.0,
                0.0,
                0.0,
                0.0,
                0.0,
                1.0,
                0.0,
                8.593635559082031,
                139.32159423828125,
                6.423630714416504,
                1.0
            ],
            "parent": "C_guides_GRP",
            "isLocator": false,
            "isJoint": true,
            "isCurve": false,
            "isSurface": false,
            "children": []
        },
        "L_downOutSocket_JNT": {
            "joint_matrix": [
                1.0,
                0.0,
                0.0,
                0.0,
                0.0,
                1.0,
                0.0,
                0.0,
                0.0,
                0.0,
                1.0,
                0.0,
                8.164410591125488,
                136.995849609375,
                7.428757190704346,
                1.0
            ],
            "parent": "C_guides_GRP",
            "isLocator": false,
            "isJoint": true,
            "isCurve": false,
            "isSurface": false,
            "children": []
        },
        "L_lowerSocket_JNT": {
            "joint_matrix": [
                1.0,
                0.0,
                0.0,
                0.0,
                0.0,
                1.0,
                0.0,
                0.0,
                0.0,
                0.0,
                1.0,
                0.0,
                5.658174991607666,
                136.0789337158203,
                9.109146118164062,
                1.0
            ],
            "parent": "C_guides_GRP",
            "isLocator": false,
            "isJoint": true,
            "isCurve": false,
            "isSurface": false,
            "children": []
        },
        "L_downInSocket_JNT": {
            "joint_matrix": [
                1.0,
                0.0,
                0.0,
                0.0,
                0.0,
                1.0,
                0.0,
                0.0,
                0.0,
                0.0,
                1.0,
                0.0,
                3.2313809394836426,
                136.51698303222656,
                9.340755462646484,
                1.0
            ],
            "parent": "C_guides_GRP",
            "isLocator": false,
            "isJoint": true,
            "isCurve": false,
            "isSurface": false,
            "children": []
        },
        "L_inSocket_JNT": {
            "joint_matrix": [
                1.0,
                0.0,
                0.0,
                0.0,
                0.0,
                1.0,
                0.0,
                0.0,
                0.0,
                0.0,
                1.0,
                0.0,
                1.7521018981933594,
                138.00868225097656,
                9.485946655273438,
                1.0
            ],
            "parent": "C_guides_GRP",
            "isLocator": false,
            "isJoint": true,
            "isCurve": false,
            "isSurface": false,
            "children": []
        },
        "L_upInSocket_JNT": {
            "joint_matrix": [
                1.0,
                0.0,
                0.0,
                0.0,
                0.0,
                1.0,
                0.0,
                0.0,
                0.0,
                0.0,
                1.0,
                0.0,
                3.0110957622528076,
                140.39035034179688,
                9.774492263793945,
                1.0
            ],
            "parent": "C_guides_GRP",
            "isLocator": false,
            "isJoint": true,
            "isCurve": false,
            "isSurface": false,
            "children": []
        },
        "L_cheekbone01_JNT": {
            "joint_matrix": [
                1.0,
                0.0,
                0.0,
                0.0,
                0.0,
                1.0,
                0.0,
                0.0,
                0.0,
                0.0,
                1.0,
                0.0,
                5.53909969329834,
                134.44956970214844,
                9.414433479309082,
                1.0
            ],
            "parent": "L_cheekbone_JNT",
            "isLocator": false,
            "isJoint": true,
            "isCurve": false,
            "isSurface": false,
            "children": []
        },
        "L_cheekbone00_JNT": {
            "joint_matrix": [
                1.0,
                0.0,
                0.0,
                0.0,
                0.0,
                1.0,
                0.0,
                0.0,
                0.0,
                0.0,
                1.0,
                0.0,
                2.7982640266418457,
                135.76473999023438,
                9.9818754196167,
                1.0
            ],
            "parent": "L_cheekbone_JNT",
            "isLocator": false,
            "isJoint": true,
            "isCurve": false,
            "isSurface": false,
            "children": []
        },
        "L_cheekbone02_JNT": {
            "joint_matrix": [
                1.0,
                0.0,
                0.0,
                0.0,
                0.0,
                1.0,
                0.0,
                0.0,
                0.0,
                0.0,
                1.0,
                0.0,
                8.314779281616211,
                135.16610717773438,
                7.264984607696533,
                1.0
            ],
            "parent": "L_cheekbone_JNT",
            "isLocator": false,
            "isJoint": true,
            "isCurve": false,
            "isSurface": false,
            "children": []
        },
        "L_cheekbone_JNT": {
            "joint_matrix": [
                1.0,
                0.0,
                0.0,
                0.0,
                0.0,
                1.0,
                0.0,
                0.0,
                0.0,
                0.0,
                1.0,
                0.0,
                5.4728386998176575,
                134.93082427978516,
                8.174890995025635,
                1.0
            ],
            "parent": "C_guides_GRP",
            "isLocator": false,
            "isJoint": true,
            "isCurve": false,
            "isSurface": false,
            "children": [
                "L_cheekbone02_JNT",
                "L_cheekbone00_JNT",
                "L_cheekbone01_JNT"
            ]
        },
        "L_cheek_JNT": {
            "joint_matrix": [
                1.0,
                0.0,
                0.0,
                0.0,
                0.0,
                1.0,
                0.0,
                0.0,
                0.0,
                0.0,
                1.0,
                0.0,
                8.392009735107422,
                131.73355102539062,
                4.304011344909668,
                1.0
            ],
            "parent": "C_guides_GRP",
            "isLocator": false,
            "isJoint": true,
            "isCurve": false,
            "isSurface": false,
            "children": []
        },
        "R_cheek_JNT": {
            "joint_matrix": [
                -1.0,
                0.0,
                -1.2246467991473532e-16,
                0.0,
                0.0,
                1.0,
                0.0,
                0.0,
                1.2246467991473532e-16,
                0.0,
                -1.0,
                0.0,
                -8.39201,
                131.734,
                4.30401,
                1.0
            ],
            "parent": "C_guides_GRP",
            "isLocator": false,
            "isJoint": true,
            "isCurve": false,
            "isSurface": false,
            "children": []
        },
        "R_cheekbone01_JNT": {
            "joint_matrix": [
                -1.0,
                0.0,
                -1.2246467991473532e-16,
                0.0,
                0.0,
                1.0,
                0.0,
                0.0,
                1.2246467991473532e-16,
                0.0,
                -1.0,
                0.0,
                -5.5391,
                134.45,
                9.41443,
                1.0
            ],
            "parent": "R_cheekbone_JNT",
            "isLocator": false,
            "isJoint": true,
            "isCurve": false,
            "isSurface": false,
            "children": []
        },
        "R_cheekbone00_JNT": {
            "joint_matrix": [
                -1.0,
                0.0,
                -1.2246467991473532e-16,
                0.0,
                0.0,
                1.0,
                0.0,
                0.0,
                1.2246467991473532e-16,
                0.0,
                -1.0,
                0.0,
                -2.798259999999998,
                135.765,
                9.98188,
                1.0
            ],
            "parent": "R_cheekbone_JNT",
            "isLocator": false,
            "isJoint": true,
            "isCurve": false,
            "isSurface": false,
            "children": []
        },
        "R_cheekbone02_JNT": {
            "joint_matrix": [
                -1.0,
                0.0,
                -1.2246467991473532e-16,
                0.0,
                0.0,
                1.0,
                0.0,
                0.0,
                1.2246467991473532e-16,
                0.0,
                -1.0,
                0.0,
                -8.314780000000003,
                135.166,
                7.264980000000004,
                1.0
            ],
            "parent": "R_cheekbone_JNT",
            "isLocator": false,
            "isJoint": true,
            "isCurve": false,
            "isSurface": false,
            "children": []
        },
        "R_cheekbone_JNT": {
            "joint_matrix": [
                -1.0,
                0.0,
                -1.2246467991473532e-16,
                0.0,
                0.0,
                1.0,
                0.0,
                0.0,
                1.2246467991473532e-16,
                0.0,
                -1.0,
                0.0,
                -5.47284,
                134.931,
                8.17489,
                1.0
            ],
            "parent": "C_guides_GRP",
            "isLocator": false,
            "isJoint": true,
            "isCurve": false,
            "isSurface": false,
            "children": [
                "R_cheekbone02_JNT",
                "R_cheekbone00_JNT",
                "R_cheekbone01_JNT"
            ]
        },
        "R_nose_JNT": {
            "joint_matrix": [
                -1.0,
                0.0,
                -1.2246467991473532e-16,
                0.0,
                0.0,
                1.0,
                0.0,
                0.0,
                1.2246467991473532e-16,
                0.0,
                -1.0,
                0.0,
                -1.77433,
                133.787,
                11.1483,
                1.0
            ],
            "parent": "C_guides_GRP",
            "isLocator": false,
            "isJoint": true,
            "isCurve": false,
            "isSurface": false,
            "children": []
        },
        "R_ear02_JNT": {
            "joint_matrix": [
                0.3421568725889558,
                0.003130616118716667,
                -0.9396376289734581,
                0.0,
                -0.5700493826864144,
                0.7956439850984045,
                -0.20492523093940337,
                0.0,
                0.7469754854337476,
                0.6057564264780416,
                0.27401966342138634,
                0.0,
                -12.317699999999972,
                138.209,
                -4.024749999999987,
                1.0
            ],
            "parent": "R_ear01_JNT",
            "isLocator": false,
            "isJoint": true,
            "isCurve": false,
            "isSurface": false,
            "children": []
        },
        "R_ear01_JNT": {
            "joint_matrix": [
                0.3421568725889558,
                0.003130616118716667,
                -0.9396376289734581,
                0.0,
                -0.5700493826864144,
                0.7956439850984045,
                -0.20492523093940337,
                0.0,
                0.7469754854337476,
                0.6057564264780416,
                0.27401966342138634,
                0.0,
                -10.677000000000064,
                135.919,
                -3.4349400000000108,
                1.0
            ],
            "parent": "R_ear00_JNT",
            "isLocator": false,
            "isJoint": true,
            "isCurve": false,
            "isSurface": false,
            "children": [
                "R_ear02_JNT"
            ]
        },
        "R_ear00_JNT": {
            "joint_matrix": [
                0.3421563775020592,
                0.0031313072784917564,
                -0.939637806949782,
                0.0,
                -0.5699742683217502,
                0.7957051306410541,
                -0.20489675088343554,
                0.0,
                0.7470330292468692,
                0.6056761015478742,
                0.27404034963489465,
                0.0,
                -9.08177,
                133.692,
                -2.86148,
                1.0
            ],
            "parent": "C_guides_GRP",
            "isLocator": false,
            "isJoint": true,
            "isCurve": false,
            "isSurface": false,
            "children": [
                "R_ear01_JNT",
                "R_ear02_JNT"
            ]
        },
        "R_inSocket_JNT": {
            "joint_matrix": [
                1.0,
                0.0,
                0.0,
                0.0,
                0.0,
                1.0,
                0.0,
                0.0,
                0.0,
                0.0,
                1.0,
                0.0,
                -1.7521,
                138.009,
                9.48595,
                1.0
            ],
            "parent": "C_guides_GRP",
            "isLocator": false,
            "isJoint": true,
            "isCurve": false,
            "isSurface": false,
            "children": []
        },
        "R_upInSocket_JNT": {
            "joint_matrix": [
                1.0,
                0.0,
                0.0,
                0.0,
                0.0,
                1.0,
                0.0,
                0.0,
                0.0,
                0.0,
                1.0,
                0.0,
                -3.0111,
                140.39,
                9.77449,
                1.0
            ],
            "parent": "C_guides_GRP",
            "isLocator": false,
            "isJoint": true,
            "isCurve": false,
            "isSurface": false,
            "children": []
        },
        "R_upperSocket_JNT": {
            "joint_matrix": [
                1.0,
                0.0,
                0.0,
                0.0,
                0.0,
                1.0,
                0.0,
                0.0,
                0.0,
                0.0,
                1.0,
                0.0,
                -5.66223,
                141.365,
                9.44954,
                1.0
            ],
            "parent": "C_guides_GRP",
            "isLocator": false,
            "isJoint": true,
            "isCurve": false,
            "isSurface": false,
            "children": []
        },
        "R_upOutSocket_JNT": {
            "joint_matrix": [
                1.0,
                0.0,
                0.0,
                0.0,
                0.0,
                1.0,
                0.0,
                0.0,
                0.0,
                0.0,
                1.0,
                0.0,
                -7.69756,
                140.997,
                7.80178,
                1.0
            ],
            "parent": "C_guides_GRP",
            "isLocator": false,
            "isJoint": true,
            "isCurve": false,
            "isSurface": false,
            "children": []
        },
        "R_outSocket_JNT": {
            "joint_matrix": [
                1.0,
                0.0,
                0.0,
                0.0,
                0.0,
                1.0,
                0.0,
                0.0,
                0.0,
                0.0,
                1.0,
                0.0,
                -8.59364,
                139.322,
                6.42363,
                1.0
            ],
            "parent": "C_guides_GRP",
            "isLocator": false,
            "isJoint": true,
            "isCurve": false,
            "isSurface": false,
            "children": []
        },
        "R_downOutSocket_JNT": {
