{
    "yin": {
        "C_upperTeeth_JNT": {
            "joint_matrix": [
                1.0,
                0.0,
                0.0,
                0.0,
                0.0,
                1.0,
                0.0,
                0.0,
                0.0,
                0.0,
                1.0,
                0.0,
                0.0,
                55.847267150878906,
                3.5176901817321777,
                1.0
            ],
            "parent": "C_guides_GRP",
            "isLocator": false,
            "isJoint": true,
            "isCurve": false,
            "isSurface": false,
            "children": []
        },
        "C_lowerTeeth_JNT": {
            "joint_matrix": [
                1.0,
                0.0,
                0.0,
                0.0,
                0.0,
                1.0,
                0.0,
                0.0,
                0.0,
                0.0,
                1.0,
                0.0,
                -0.004035055637359619,
                54.958900451660156,
                3.1353349685668945,
                1.0
            ],
            "parent": "C_guides_GRP",
            "isLocator": false,
            "isJoint": true,
            "isCurve": false,
            "isSurface": false,
            "children": []
        },
        "C_tongue03_JNT": {
            "joint_matrix": [
                0.9999999998574421,
                -2.3559326017107138e-06,
                1.6720212697282126e-05,
                0.0,
                2.3559326019711683e-06,
                0.9999999999972248,
                1.1354767232356699e-16,
                0.0,
                -1.672021269741807e-05,
                3.939167800322895e-11,
                0.9999999998602173,
                0.0,
                -3.700000161245561e-05,
                54.75915908813477,
                4.498760223388672,
                1.0
            ],
            "parent": "C_tongue02_JNT",
            "isLocator": false,
            "isJoint": true,
            "isCurve": false,
            "isSurface": false,
            "children": []
        },
        "C_tongue02_JNT": {
            "joint_matrix": [
                -8.382398307699354e-06,
                -0.07093791043391572,
                0.9974807330435035,
                0.0,
                1.1639004277586022e-06,
                0.9974807330771797,
                0.07093791044609167,
                0.0,
                -0.9999999999641904,
                1.755598072417502e-06,
                -8.27871614445868e-06,
                0.0,
                -2.247095108071155e-05,
                54.88211441040039,
                2.7698459625244136,
                1.0
            ],
            "parent": "C_tongue01_JNT",
            "isLocator": false,
            "isJoint": true,
            "isCurve": false,
            "isSurface": false,
            "children": [
                "C_tongue03_JNT"
            ]
        },
        "C_tongue01_JNT": {
            "joint_matrix": [
                -1.0572151610597833e-05,
                0.04637408857214692,
                0.9989241431647011,
                0.0,
                2.277700622388408e-06,
                0.9989241432190518,
                -0.04637408855056388,
                0.0,
                -0.9999999999415209,
                1.7849762477173535e-06,
                -1.0666403779849987e-05,
                0.0,
                -9.953975677726421e-06,
                54.82720947265624,
                1.5871624946594267,
                1.0
            ],
            "parent": "C_tongue00_JNT",
            "isLocator": false,
            "isJoint": true,
            "isCurve": false,
            "isSurface": false,
            "children": [
                "C_tongue02_JNT",
                "C_tongue03_JNT"
            ]
        },
        "C_tongue00_JNT": {
            "joint_matrix": [
                -1.311549892180075e-05,
                0.5690072891402153,
                0.822332478218687,
                0.0,
                9.07517905973654e-06,
                0.8223324783232775,
                -0.5690072890678445,
                0.0,
                -0.9999999998728125,
                2.775557561562892e-16,
                -1.5949143767901575e-05,
                0.0,
                3.993511199951172e-06,
                54.22210693359375,
                0.7126649618148804,
                1.0
            ],
            "parent": "C_guides_GRP",
            "isLocator": false,
            "isJoint": true,
            "isCurve": false,
            "isSurface": false,
            "children": [
                "C_tongue01_JNT",
                "C_tongue02_JNT",
                "C_tongue03_JNT"
            ]
        },
        "R_pinky04End_JNT": {
            "joint_matrix": [
                0.6815903884467592,
                0.7297312096249523,
                0.05410086945973748,
                0.0,
                0.7274432716204543,
                -0.6837341308573608,
                0.05774014959159201,
                0.0,
                0.07912540016407928,
                1.824881953629126e-07,
                -0.9968646703785028,
                0.0,
                -22.42770000000002,
                33.779800000000016,
                -1.1688100000000021,
                1.0
            ],
            "parent": "R_pinky03_JNT",
            "isLocator": false,
            "isJoint": true,
            "isCurve": false,
            "isSurface": false,
            "children": []
        },
        "R_pinky03_JNT": {
            "joint_matrix": [
                0.6815903884467592,
                0.7297312096249523,
                0.05410086945973748,
                0.0,
                0.7274432609436022,
                -0.6837341308573792,
                0.0577402841042771,
                0.0,
                0.07912549832218467,
                9.022801510249412e-08,
                -0.9968646625872831,
                0.0,
                -21.925200000000018,
                34.31780000000003,
                -1.128920000000002,
                1.0
            ],
            "parent": "R_pinky02_JNT",
            "isLocator": false,
            "isJoint": true,
            "isCurve": false,
            "isSurface": false,
            "children": [
                "R_pinky04End_JNT"
            ]
        },
        "R_pinky02_JNT": {
            "joint_matrix": [
                0.6775338439900581,
                0.7335228162141331,
                0.053778883786692946,
                0.0,
                0.7312229741343591,
                -0.6796648277594519,
                0.05804036530568396,
                0.0,
                0.0791255479991006,
                4.353598441697743e-08,
                -0.9968646586442115,
                0.0,
                -21.396500000000007,
                34.89019999999998,
                -1.0869600000000026,
                1.0
            ],
            "parent": "R_pinky01_JNT",
            "isLocator": false,
            "isJoint": true,
            "isCurve": false,
            "isSurface": false,
            "children": [
                "R_pinky03_JNT",
                "R_pinky04End_JNT"
            ]
        },
        "R_pinky01_JNT": {
            "joint_matrix": [
                0.6459695340825962,
                0.7616392786612606,
                0.051273484740832154,
                0.0,
                0.7592512786463833,
                -0.6480012416657508,
                0.060265136467759634,
                0.0,
                0.07912557684431602,
                1.672462986586923e-08,
                -0.9968646563546398,
                0.0,
                -20.70199999999996,
                35.7092,
                -1.031829999999998,
                1.0
            ],
            "parent": "R_pinky00_JNT",
            "isLocator": false,
            "isJoint": true,
            "isCurve": false,
            "isSurface": false,
            "children": [
                "R_pinky02_JNT",
                "R_pinky03_JNT",
                "R_pinky04End_JNT"
            ]
        },
        "R_pinky00_JNT": {
            "joint_matrix": [
                0.6459695340825962,
                0.7616392786612606,
                0.051273484740832154,
                0.0,
                0.759251276604186,
                -0.648001241665751,
                0.060265162196406014,
                0.0,
                0.0791255964402637,
                -2.418204525511669e-15,
                -0.9968646547992224,
                0.0,
                -19.4232,
                37.2169,
                -0.930324,
                1.0
            ],
            "parent": "C_guides_GRP",
            "isLocator": false,
            "isJoint": true,
            "isCurve": false,
            "isSurface": false,
            "children": [
                "R_pinky01_JNT",
                "R_pinky02_JNT",
                "R_pinky03_JNT",
                "R_pinky04End_JNT"
            ]
        },
        "R_ring04End_JNT": {
            "joint_matrix": [
                0.628829182840028,
                0.7770788942689797,
                0.026874725867301143,
                0.0,
                0.7763701927047684,
                -0.6294032031072769,
                0.03318029231126462,
                0.0,
                0.04269874340426836,
                -1.3877787807814457e-15,
                -0.9990879927772611,
                0.0,
                -22.904400000000013,
                33.29010000000001,
                -0.24711100000000058,
                1.0
            ],
            "parent": "R_ring03_JNT",
            "isLocator": false,
            "isJoint": true,
            "isCurve": false,
            "isSurface": false,
            "children": []
        },
        "R_ring03_JNT": {
            "joint_matrix": [
                0.628829182840028,
                0.7770788942689797,
                0.026874725867301143,
                0.0,
                0.7763701927047684,
                -0.6294032031072769,
                0.03318029231126462,
                0.0,
                0.04269874340426836,
                -1.3877787807814457e-15,
                -0.9990879927772611,
                0.0,
                -22.38329999999996,
                33.934099999999994,
                -0.22484099999999874,
                1.0
            ],
            "parent": "R_ring02_JNT",
            "isLocator": false,
            "isJoint": true,
            "isCurve": false,
            "isSurface": false,
            "children": [
                "R_ring04End_JNT"
            ]
        },
        "R_ring02_JNT": {
            "joint_matrix": [
                0.6431119471912643,
                0.7652787665503297,
                0.02748513865831248,
                0.0,
                0.764580826787827,
                -0.6436990053333983,
                0.032676441685668405,
                0.0,
                0.04269874340426836,
                -1.3877787807814457e-15,
                -0.9990879927772611,
                0.0,
                -21.757100000000012,
                34.67929999999998,
                -0.1980770000000004,
                1.0
            ],
            "parent": "R_ring01_JNT",
            "isLocator": false,
            "isJoint": true,
            "isCurve": false,
            "isSurface": false,
            "children": [
                "R_ring03_JNT",
                "R_ring04End_JNT"
            ]
        },
        "R_ring01_JNT": {
            "joint_matrix": [
                0.6198410571293759,
                0.7842801236379369,
                0.026490593862734037,
                0.0,
                0.7835648545005285,
                -0.6204068726782954,
                0.03348777575628499,
                0.0,
                0.04269874340426836,
                -1.3877787807814457e-15,
                -0.9990879927772611,
                0.0,
                -20.889399999999988,
                35.777199999999986,
                -0.16099199999999902,
                1.0
            ],
            "parent": "R_ring00_JNT",
            "isLocator": false,
            "isJoint": true,
            "isCurve": false,
            "isSurface": false,
            "children": [
                "R_ring02_JNT",
                "R_ring03_JNT",
                "R_ring04End_JNT"
            ]
        },
        "R_ring00_JNT": {
            "joint_matrix": [
                0.6198410571293759,
                0.7842801236379369,
                0.026490593862734037,
                0.0,
                0.7835648545005285,
                -0.6204068726782954,
                0.03348777575628499,
                0.0,
                0.04269874340426836,
                -1.3877787807814457e-15,
                -0.9990879927772611,
                0.0,
                -19.6006,
                37.4078,
                -0.105914,
                1.0
            ],
            "parent": "C_guides_GRP",
            "isLocator": false,
            "isJoint": true,
            "isCurve": false,
            "isSurface": false,
            "children": [
                "R_ring01_JNT",
                "R_ring02_JNT",
                "R_ring03_JNT",
                "R_ring04End_JNT"
            ]
        },
        "R_middle04End_JNT": {
            "joint_matrix": [
                0.704481561662921,
                0.7097154801353774,
                -0.003109104884472693,
                0.0,
                0.7097085565940361,
                -0.7044884223694429,
                -0.0031348755355064847,
                0.0,
                -0.0044151980908899305,
                1.9036730139123112e-06,
                -0.9999902529635946,
                0.0,
                -23.308199999999964,
                33.29329999999999,
                0.753998,
                1.0
            ],
            "parent": "R_middle03_JNT",
            "isLocator": false,
            "isJoint": true,
            "isCurve": false,
            "isSurface": false,
            "children": []
        },
        "R_middle03_JNT": {
            "joint_matrix": [
                0.704481561662921,
                0.7097154801353774,
                -0.003109104884472693,
                0.0,
                0.7097085689735279,
                -0.7044884223720113,
                -0.0031320710946175314,
                0.0,
                -0.004413207735785901,
                -7.204237226730269e-08,
                -0.9999902617513209,
                0.0,
                -22.576800000000002,
                34.0301,
                0.7507700000000002,
                1.0
            ],
            "parent": "R_middle02_JNT",
            "isLocator": false,
            "isJoint": true,
            "isCurve": false,
            "isSurface": false,
            "children": [
                "R_middle04End_JNT"
            ]
        },
        "R_middle02_JNT": {
            "joint_matrix": [
                0.7086925713837221,
                0.7055104937768556,
                -0.0031276886458278335,
                0.0,
                0.7055036236970705,
                -0.7086994730989494,
                -0.0031134835110317384,
                0.0,
                -0.0044131865845498525,
                -9.303803381757361e-08,
                -0.9999902618446647,
                0.0,
                -21.70479999999999,
                34.8982,
                0.7469209999999998,
                1.0
            ],
            "parent": "R_middle01_JNT",
            "isLocator": false,
            "isJoint": true,
            "isCurve": false,
            "isSurface": false,
            "children": [
                "R_middle03_JNT",
                "R_middle04End_JNT"
            ]
        },
        "R_middle01_JNT": {
            "joint_matrix": [
                0.6697670731954801,
                0.7425653716605178,
                -0.0029557526684965947,
                0.0,
                0.7425581408505504,
                -0.6697735951877148,
                -0.0032769873202477358,
                0.0,
                -0.004413062398651211,
                4.814117854357036e-14,
                -0.9999902623927222,
                0.0,
                -20.93819999999997,
                35.74819999999999,
                0.7435379999999995,
                1.0
            ],
            "parent": "R_middle00_JNT",
            "isLocator": false,
            "isJoint": true,
            "isCurve": false,
            "isSurface": false,
            "children": [
                "R_middle02_JNT",
                "R_middle03_JNT",
                "R_middle04End_JNT"
            ]
        },
        "R_middle00_JNT": {
            "joint_matrix": [
                0.6697670731954801,
                0.7425653716605178,
                -0.0029557526684965947,
                0.0,
                0.7425581408505504,
                -0.6697735951877148,
                -0.0032769873202477358,
                0.0,
                -0.004413062398651211,
                4.814117854357036e-14,
                -0.9999902623927222,
                0.0,
                -19.458,
                37.3893,
                0.737006,
                1.0
            ],
            "parent": "C_guides_GRP",
            "isLocator": false,
            "isJoint": true,
            "isCurve": false,
            "isSurface": false,
            "children": [
                "R_middle01_JNT",
                "R_middle02_JNT",
                "R_middle03_JNT",
                "R_middle04End_JNT"
            ]
        },
        "R_index04End_JNT": {
            "joint_matrix": [
                0.7489918026015395,
                0.6615896206551154,
                -0.03620018614754635,
                0.0,
                0.6608182447557276,
                -0.7498661039421773,
                -0.03193859039686702,
                0.0,
                -0.04827553245336453,
                -1.075950532827445e-09,
                -0.9988340567713659,
                0.0,
                -22.965099999999993,
                33.608300000000014,
                1.79763,
                1.0
            ],
            "parent": "R_index03_JNT",
            "isLocator": false,
            "isJoint": true,
            "isCurve": false,
            "isSurface": false,
            "children": []
        },
        "R_index03_JNT": {
            "joint_matrix": [
                0.7489918026015395,
                0.6615896206551154,
                -0.03620018614754635,
                0.0,
                0.6608182447557276,
                -0.7498661039421773,
                -0.03193859039686702,
                0.0,
                -0.04827553245336453,
                -1.075950532827445e-09,
                -0.9988340567713659,
                0.0,
                -22.338100000000015,
                34.162199999999984,
                1.7673300000000005,
                1.0
            ],
            "parent": "R_index02_JNT",
            "isLocator": false,
            "isJoint": true,
            "isCurve": false,
            "isSurface": false,
            "children": [
                "R_index04End_JNT"
            ]
        },
        "R_index02_JNT": {
            "joint_matrix": [
                0.7058638525138754,
                0.7075255039343608,
                -0.03411572946162612,
                0.0,
                0.7067005681596457,
                -0.7066878103394939,
                -0.03415619534440965,
                0.0,
                -0.04827554947490502,
                1.8239309547914457e-08,
                -0.9988340559486825,
                0.0,
                -21.5905,
                34.91149999999997,
                1.7312000000000005,
                1.0
            ],
            "parent": "R_index01_JNT",
            "isLocator": false,
            "isJoint": true,
            "isCurve": false,
            "isSurface": false,
            "children": [
                "R_index03_JNT",
                "R_index04End_JNT"
            ]
        },
        "R_index01_JNT": {
            "joint_matrix": [
                0.6803729197995836,
                0.7321279614728673,
                -0.032883704672273015,
                0.0,
                0.7312743418767966,
                -0.6811671219528903,
                -0.03534386627229839,
                0.0,
                -0.04827553123526846,
                2.2828960943854777e-15,
                -0.9988340568302387,
                0.0,
                -20.89160000000002,
                35.663500000000006,
                1.697420000000001,
                1.0
            ],
            "parent": "R_index00_JNT",
            "isLocator": false,
            "isJoint": true,
            "isCurve": false,
            "isSurface": false,
            "children": [
                "R_index02_JNT",
                "R_index03_JNT",
                "R_index04End_JNT"
            ]
        },
        "R_index00_JNT": {
            "joint_matrix": [
                0.6803729197995836,
                0.7321279614728673,
                -0.032883704672273015,
                0.0,
                0.7312743418767966,
                -0.6811671219528903,
                -0.03534386627229839,
                0.0,
                -0.04827553123526846,
                2.2828960943854777e-15,
                -0.9988340568302387,
                0.0,
                -19.4064,
                37.2617,
                1.62563,
                1.0
            ],
            "parent": "C_guides_GRP",
            "isLocator": false,
            "isJoint": true,
            "isCurve": false,
            "isSurface": false,
            "children": [
                "R_index01_JNT",
                "R_index02_JNT",
                "R_index03_JNT",
                "R_index04End_JNT"
            ]
        },
        "R_thumb03End_JNT": {
            "joint_matrix": [
                0.3211997665315309,
                0.8011570295602793,
                -0.5049535859524514,
                0.0,
                0.4299935674650053,
                -0.5984541870403696,
                -0.6759867735041628,
                0.0,
                -0.8437631432569261,
                -1.7208456881689926e-15,
                -0.536715714397475,
                0.0,
                -19.443300000000004,
                34.395700000000005,
                3.3551900000000114,
                1.0
            ],
            "parent": "R_thumb02_JNT",
            "isLocator": false,
            "isJoint": true,
            "isCurve": false,
            "isSurface": false,
            "children": []
        },
        "R_thumb02_JNT": {
            "joint_matrix": [
                0.3211997665315309,
                0.8011570295602793,
                -0.5049535859524514,
                0.0,
                0.4299935674650053,
                -0.5984541870403696,
                -0.6759867735041628,
                0.0,
                -0.8437631432569261,
                -1.7208456881689926e-15,
                -0.536715714397475,
                0.0,
                -19.033299999999993,
                35.4185,
                2.710549999999987,
                1.0
            ],
            "parent": "R_thumb01_JNT",
            "isLocator": false,
            "isJoint": true,
            "isCurve": false,
            "isSurface": false,
            "children": [
                "R_thumb03End_JNT"
            ]
        },
        "R_thumb01_JNT": {
            "joint_matrix": [
                0.29985044761820057,
                0.8293856687290202,
                -0.47139062524628206,
                0.0,
                0.4451443217029245,
                -0.5586764828654558,
                -0.6998050588190452,
                0.0,
                -0.8437631432569261,
                -1.7208456881689926e-15,
                -0.536715714397475,
                0.0,
                -18.722299999999994,
                36.27869999999999,
                2.22163,
                1.0
            ],
            "parent": "R_thumb00_JNT",
            "isLocator": false,
            "isJoint": true,
            "isCurve": false,
            "isSurface": false,
            "children": [
                "R_thumb02_JNT",
                "R_thumb03End_JNT"
            ]
        },
        "R_thumb00_JNT": {
            "joint_matrix": [
                0.29985044761820057,
                0.8293856687290202,
                -0.47139062524628206,
                0.0,
                0.4451443217029245,
                -0.5586764828654558,
                -0.6998050588190452,
                0.0,
                -0.8437631432569261,
                -1.7208456881689926e-15,
                -0.536715714397475,
                0.0,
                -18.3942,
                37.1861,
                1.70593,
                1.0
            ],
            "parent": "C_guides_GRP",
            "isLocator": false,
            "isJoint": true,
            "isCurve": false,
            "isSurface": false,
            "children": [
                "R_thumb01_JNT",
                "R_thumb02_JNT",
                "R_thumb03End_JNT"
            ]
        },
        "R_clavicle_JNT": {
            "joint_matrix": [
                1.0,
                0.0,
                0.0,
                0.0,
                0.0,
                -1.0,
                -1.2246467991473532e-16,
                0.0,
                0.0,
                1.2246467991473532e-16,
                -1.0,
                0.0,
                -0.727222,
                48.6921,
                -0.391755,
                1.0
            ],
            "parent": "C_guides_GRP",
            "isLocator": false,
            "isJoint": true,
            "isCurve": false,
            "isSurface": false,
            "children": []
        },
        "R_cheek_JNT": {
            "joint_matrix": [
                1.0,
                0.0,
                0.0,
                0.0,
                0.0,
                -1.0,
                -1.2246467991473532e-16,
                0.0,
                0.0,
                1.2246467991473532e-16,
                -1.0,
                0.0,
                -3.10983,
                55.4399,
                2.43944,
                1.0
            ],
            "parent": "C_guides_GRP",
            "isLocator": false,
            "isJoint": true,
            "isCurve": false,
            "isSurface": false,
            "children": []
        },
        "R_cheekbone01_JNT": {
            "joint_matrix": [
                1.0,
                0.0,
                0.0,
                0.0,
                0.0,
                -1.0,
                -1.2246467991473532e-16,
                0.0,
                0.0,
                1.2246467991473532e-16,
                -1.0,
                0.0,
                -2.57037,
                56.4162,
                4.30281,
                1.0
            ],
            "parent": "R_cheekbone_JNT",
            "isLocator": false,
            "isJoint": true,
            "isCurve": false,
            "isSurface": false,
            "children": []
        },
        "R_cheekbone00_JNT": {
            "joint_matrix": [
                1.0,
                0.0,
                0.0,
                0.0,
                0.0,
                -1.0,
                -1.2246467991473532e-16,
                0.0,
                0.0,
                1.2246467991473532e-16,
                -1.0,
                0.0,
                -1.2526,
                56.8458,
                4.74811,
                1.0
            ],
            "parent": "R_cheekbone_JNT",
            "isLocator": false,
            "isJoint": true,
            "isCurve": false,
            "isSurface": false,
            "children": []
        },
        "R_cheekbone02_JNT": {
            "joint_matrix": [
                1.0,
                0.0,
                0.0,
                0.0,
                0.0,
                -1.0,
                -1.2246467991473532e-16,
                0.0,
                0.0,
                1.2246467991473532e-16,
                -1.0,
                0.0,
                -3.52512,
                56.7785,
                3.43006,
                1.0
            ],
            "parent": "R_cheekbone_JNT",
            "isLocator": false,
            "isJoint": true,
            "isCurve": false,
            "isSurface": false,
            "children": []
        },
        "R_cheekbone_JNT": {
            "joint_matrix": [
                1.0,
                0.0,
                0.0,
                0.0,
                0.0,
                -1.0,
                -1.2246467991473532e-16,
                0.0,
                0.0,
                1.2246467991473532e-16,
                -1.0,
                0.0,
                -2.27889,
                56.6524,
                3.74279,
                1.0
            ],
            "parent": "C_guides_GRP",
            "isLocator": false,
            "isJoint": true,
            "isCurve": false,
            "isSurface": false,
            "children": [
                "R_cheekbone02_JNT",
                "R_cheekbone00_JNT",
                "R_cheekbone01_JNT"
            ]
        },
        "R_nosetril_JNT": {
            "joint_matrix": [
                1.0,
                0.0,
                0.0,
                0.0,
                0.0,
                1.0,
                0.0,
                0.0,
                0.0,
                0.0,
                1.0,
                0.0,
                -0.37815,
                55.9574,
                5.31713,
                1.0
            ],
            "parent": "C_guides_GRP",
            "isLocator": false,
            "isJoint": true,
            "isCurve": false,
            "isSurface": false,
            "children": []
        },
        "R_tip_JNT": {
            "joint_matrix": [
                2.182435946147717e-16,
                0.1842374106495526,
                -0.9828817713830836,
                0.0,
                -5.5611887150863744e-08,
                -0.9828817713830822,
                -0.18423741064955232,
                0.0,
                -0.9999999999999984,
                5.465991019300575e-08,
                1.0245789875502611e-08,
                0.0,
                -3.37383,
                0.45092425035568984,
                5.170542913187936,
                1.0
            ],
            "parent": "R_ball_JNT",
            "isLocator": false,
            "isJoint": true,
            "isCurve": false,
            "isSurface": false,
            "children": []
        },
        "R_ball_JNT": {
            "joint_matrix": [
                2.182435946147717e-16,
                0.1842374106495526,
                -0.9828817713830836,
                0.0,
                -2.580956315334505e-08,
                -0.9828817713830834,
                -0.18423741064955254,
                0.0,
                -0.9999999999999997,
                2.5367749190991982e-08,
                4.755086870860744e-09,
                0.0,
                -3.373829999999998,
                0.7272790000000007,
                3.6962199999999985,
                1.0
            ],
            "parent": "R_ankle_JNT",
            "isLocator": false,
            "isJoint": true,
            "isCurve": false,
            "isSurface": false,
            "children": [
                "R_tip_JNT"
            ]
        },
        "R_ankle_JNT": {
            "joint_matrix": [
                2.061969689637347e-16,
                0.37101069664406333,
                -0.9286285925900015,
                0.0,
                8.238092355929167e-17,
                -0.9286285925900015,
                -0.37101069664406333,
                0.0,
                -1.0,
                0.0,
                -2.220446049250313e-16,
                0.0,
                -3.37383,
                2.57616,
                -0.9314729999999997,
                1.0
            ],
            "parent": "R_knee_JNT",
            "isLocator": false,
            "isJoint": true,
            "isCurve": false,
            "isSurface": false,
            "children": [
                "R_ball_JNT",
                "R_tip_JNT"
            ]
        },
        "R_knee_JNT": {
            "joint_matrix": [
                -1.43140659935484e-17,
                0.99791998010316,
                0.06446482227470128,
                0.0,
                2.215827477288012e-16,
                0.06446482227470128,
                -0.99791998010316,
                0.0,
                -1.0,
                0.0,
                -2.220446049250313e-16,
                0.0,
                -3.37383,
                16.9954,
                -1.1835e-15,
                1.0
            ],
            "parent": "R_hip_JNT",
            "isLocator": false,
            "isJoint": true,
            "isCurve": false,
            "isSurface": false,
            "children": [
                "R_ankle_JNT",
                "R_ball_JNT",
                "R_tip_JNT"
            ]
        },
        "R_hip_JNT": {
            "joint_matrix": [
                0.0,
                1.0,
                0.0,
                0.0,
                2.2204460492503126e-16,
                0.0,
                -1.0,
                0.0,
                -1.0,
                0.0,
                -2.220446049250313e-16,
                0.0,
                -3.37383,
                32.3774,
                0.0,
                1.0
            ],
            "parent": "C_guides_GRP",
            "isLocator": false,
            "isJoint": true,
            "isCurve": false,
            "isSurface": false,
            "children": [
                "R_knee_JNT",
                "R_ankle_JNT",
                "R_ball_JNT",
                "R_tip_JNT"
            ]
        },
        "R_wrist_JNT": {
            "joint_matrix": [
                0.7925955386938688,
                0.6045650584150385,
                -0.07933096612418873,
                0.0,
                0.6064764706562038,
                -0.7951014341204492,
                -1.2246467991473532e-16,
                0.0,
                -0.06307616493550329,
                -0.048112364348744746,
                -0.9968483324025791,
                0.0,
                -18.366499999999988,
                38.232700000000015,
                0.3186379999999989,
                1.0
            ],
            "parent": "R_elbow_JNT",
            "isLocator": false,
            "isJoint": true,
            "isCurve": false,
            "isSurface": false,
            "children": []
        },
        "R_elbow_JNT": {
            "joint_matrix": [
                0.7925955386938688,
                0.6045650584150385,
                -0.07933096612418873,
                0.0,
                0.6064764706562038,
                -0.7951014341204492,
                -1.2246467991473532e-16,
                0.0,
                -0.06307616493550329,
                -0.048112364348744746,
                -0.9968483324025791,
                0.0,
                -11.26900000000002,
                43.6465,
                -0.3917549999999998,
                1.0
            ],
            "parent": "R_shoulder_JNT",
            "isLocator": false,
            "isJoint": true,
            "isCurve": false,
            "isSurface": false,
            "children": [
                "R_wrist_JNT"
            ]
        },
        "R_shoulder_JNT": {
            "joint_matrix": [
                0.7951014341204491,
                0.6064764706562038,
                6.162975822039155e-33,
                0.0,
                0.6064764706562038,
                -0.7951014341204492,
                -1.2246467991473532e-16,
                0.0,
                -7.427194685473036e-17,
                9.737184262930782e-17,
                -1.0,
                0.0,
                -4.6541,
                48.6921,
                -0.391755,
                1.0
            ],
            "parent": "C_guides_GRP",
            "isLocator": false,
            "isJoint": true,
            "isCurve": false,
            "isSurface": false,
            "children": [
                "R_elbow_JNT",
                "R_wrist_JNT"
            ]
        },
        "R_eyeEnd_JNT": {
            "joint_matrix": [
                1.0,
                0.0,
                0.0,
                0.0,
                0.0,
                1.0,
                0.0,
                0.0,
                0.0,
                0.0,
                1.0,
                0.0,
                -1.65913,
                58.1178,
                4.363194891768908,
                1.0
            ],
            "parent": "R_eye_JNT",
            "isLocator": false,
            "isJoint": true,
            "isCurve": false,
            "isSurface": false,
            "children": []
        },
        "R_eye_JNT": {
            "joint_matrix": [
                1.0,
                0.0,
                0.0,
                0.0,
                0.0,
                1.0,
                0.0,
                0.0,
                0.0,
                0.0,
                1.0,
                0.0,
                -1.65913,
                58.1178,
                2.72538,
                1.0
            ],
            "parent": "C_guides_GRP",
            "isLocator": false,
            "isJoint": true,
            "isCurve": false,
            "isSurface": false,
            "children": [
                "R_eyeEnd_JNT"
            ]
        },
        "R_upOutSocket_JNT": {
            "joint_matrix": [
                1.0,
                0.0,
                0.0,
                0.0,
                0.0,
                1.0,
                0.0,
                0.0,
                0.0,
                0.0,
                1.0,
                0.0,
                -2.96455,
                58.9642,
                4.14691,
                1.0
            ],
            "parent": "C_guides_GRP",
            "isLocator": false,
            "isJoint": true,
            "isCurve": false,
            "isSurface": false,
            "children": []
        },
        "R_outSocket_JNT": {
            "joint_matrix": [
                1.0,
                0.0,
                0.0,
                0.0,
                0.0,
                1.0,
                0.0,
                0.0,
                0.0,
                0.0,
                1.0,
                0.0,
                -3.5043,
                58.1663,
                3.47441,
                1.0
            ],
            "parent": "C_guides_GRP",
            "isLocator": false,
            "isJoint": true,
            "isCurve": false,
            "isSurface": false,
            "children": []
        },
        "R_downOutSocket_JNT": {
            "joint_matrix": [
                1.0,
                0.0,
                0.0,
                0.0,
                0.0,
                1.0,
                0.0,
                0.0,
                0.0,
                0.0,
                1.0,
                0.0,
                -3.35487,
                57.3224,
                3.64524,
                1.0
            ],
            "parent": "C_guides_GRP",
            "isLocator": false,
            "isJoint": true,
            "isCurve": false,
            "isSurface": false,
            "children": []
        },
        "R_lowerSocket_JNT": {
