{
    "yin": {
        "L_jaw_JNT": {
            "joint_matrix": [
                1.0,
                -4.235164736271502e-22,
                8.470329472543003e-22,
                0.0,
                -4.235164736271502e-22,
                0.9999999999999999,
                0.0,
                0.0,
                0.0,
                0.0,
                1.0,
                0.0,
                8.330590724945068,
                131.66030883789062,
                1.8499235510826455,
                1.0
            ],
            "parent": "C_jaw_JNT",
            "isJoint": true,
            "isLocator": false,
            "isCurve": false,
            "isSurface": false,
            "children": []
        },
        "R_jaw_JNT": {
            "joint_matrix": [
                1.0,
                -4.235164736271502e-22,
                8.470329472543003e-22,
                0.0,
                -4.235164736271502e-22,
                0.9999999999999999,
                0.0,
                0.0,
                0.0,
                0.0,
                1.0,
                0.0,
                -8.330590000000004,
                131.66,
                1.849919999999982,
                1.0
            ],
            "parent": "C_jaw_JNT",
            "isJoint": true,
            "isLocator": false,
            "isCurve": false,
            "isSurface": false,
            "children": []
        },
        "C_chin_JNT": {
            "joint_matrix": [
                0.9999999999759839,
                -1.9058241313221758e-21,
                6.930525092103181e-06,
                0.0,
                -4.2681590068264736e-06,
                0.7878639750644904,
                0.6158492971315003,
                0.0,
                -5.460311048348607e-06,
                -0.6158492971462906,
                0.7878639750455689,
                0.0,
                6.098637220230962e-20,
                127.67012786865234,
                9.909837722778324,
                1.0
            ],
            "parent": "C_jaw_JNT",
            "isJoint": true,
            "isLocator": false,
            "isCurve": false,
            "isSurface": false,
            "children": []
        },
        "C_jaw_JNT": {
            "joint_matrix": [
                0.9999999999833237,
                -1.8808638510879476e-06,
                5.460311048348607e-06,
                0.0,
                -1.8808638510879476e-06,
                0.7878639750622453,
                0.6158492971462906,
                0.0,
                -5.460311048348607e-06,
                -0.6158492971462906,
                0.7878639750455689,
                0.0,
                0.0,
                131.66,
                1.84992,
                1.0
            ],
            "parent": "C_guides_GRP",
            "isJoint": true,
            "isLocator": false,
            "isCurve": false,
            "isSurface": false,
            "children": [
                "L_jaw_JNT",
                "R_jaw_JNT",
                "C_chin_JNT"
            ]
        },
        "C_upperTeeth_JNT": {
            "joint_matrix": [
                1.0,
                0.0,
                0.0,
                0.0,
                0.0,
                1.0,
                0.0,
                0.0,
                0.0,
                0.0,
                1.0,
                0.0,
                0.0,
                55.847267150878906,
                3.5176901817321777,
                1.0
            ],
            "parent": "C_guides_GRP",
            "isJoint": true,
            "isLocator": false,
            "isCurve": false,
            "isSurface": false,
            "children": []
        },
        "C_lowerTeeth_JNT": {
            "joint_matrix": [
                1.0,
                0.0,
                0.0,
                0.0,
                0.0,
                1.0,
                0.0,
                0.0,
                0.0,
                0.0,
                1.0,
                0.0,
                -0.004035055637359619,
                54.958900451660156,
                3.1353349685668945,
                1.0
            ],
            "parent": "C_guides_GRP",
            "isJoint": true,
            "isLocator": false,
            "isCurve": false,
            "isSurface": false,
            "children": []
        },
        "C_tongue03_JNT": {
            "joint_matrix": [
                0.9999999998574421,
                -2.3559326017028368e-06,
                1.672021269717138e-05,
                0.0,
                2.3559326019711688e-06,
                0.9999999999972249,
                1.135476723203358e-16,
                0.0,
                -1.672021269730705e-05,
                3.939166412524622e-11,
                0.9999999998602173,
                0.0,
                -3.7000001612455623e-05,
                54.75915908813477,
                4.498760223388672,
                1.0
            ],
            "parent": "C_tongue02_JNT",
            "isJoint": true,
            "isLocator": false,
            "isCurve": false,
            "isSurface": false,
            "children": []
        },
        "C_tongue02_JNT": {
            "joint_matrix": [
                -8.382398307699352e-06,
                -0.07093791043391572,
                0.9974807330435035,
                0.0,
                1.1639004277586027e-06,
                0.9974807330771798,
                0.07093791044609166,
                0.0,
                -0.9999999999641904,
                1.755598072417501e-06,
                -8.278716144458677e-06,
                0.0,
                -2.2470951080711535e-05,
                54.88211441040039,
                2.769845962524414,
                1.0
            ],
            "parent": "C_tongue01_JNT",
            "isJoint": true,
            "isLocator": false,
            "isCurve": false,
            "isSurface": false,
            "children": [
                "C_tongue03_JNT"
            ]
        },
        "C_tongue01_JNT": {
            "joint_matrix": [
                -1.0572151610814123e-05,
                0.04637408857214703,
                0.9989241431647011,
                0.0,
                2.2777006177809837e-06,
                0.9989241432190519,
                -0.04637408855056399,
                0.0,
                -0.9999999999415209,
                1.7849762431048531e-06,
                -1.0666403779852377e-05,
                0.0,
                -9.953975677726602e-06,
                54.82720947265624,
                1.5871624946594367,
                1.0
            ],
            "parent": "C_tongue00_JNT",
            "isJoint": true,
            "isLocator": false,
            "isCurve": false,
            "isSurface": false,
            "children": [
                "C_tongue02_JNT"
            ]
        },
        "C_tongue00_JNT": {
            "joint_matrix": [
                -1.311549892180075e-05,
                0.5690072891402153,
                0.822332478218687,
                0.0,
                9.07517905973654e-06,
                0.8223324783232775,
                -0.5690072890678445,
                0.0,
                -0.9999999998728125,
                2.775557561562892e-16,
                -1.5949143767901575e-05,
                0.0,
                3.993511199951172e-06,
                54.22210693359375,
                0.7126649618148804,
                1.0
            ],
            "parent": "C_guides_GRP",
            "isJoint": true,
            "isLocator": false,
            "isCurve": false,
            "isSurface": false,
            "children": [
                "C_tongue01_JNT"
            ]
        },
        "R_eyebrow12_JNT": {
            "joint_matrix": [
                -0.4599982350264894,
                -0.5653707378750086,
                -0.6846587124452468,
                0.0,
                -0.31529813746172664,
                0.8248369103978485,
                -0.4692879241558404,
                0.0,
                0.8300534370061249,
                -1.4432899320127039e-15,
                -0.5576838635950652,
                0.0,
                -3.43347,
                59.2546,
                3.6837400000000016,
                1.0
            ],
            "parent": "R_eyebrowMain_JNT",
            "isJoint": true,
            "isLocator": false,
            "isCurve": false,
            "isSurface": false,
            "children": []
        },
        "R_eyebrow11_JNT": {
            "joint_matrix": [
                -0.4599982350264894,
                -0.5653707378750086,
                -0.6846587124452468,
                0.0,
                -0.31529813746172664,
                0.8248369103978485,
                -0.4692879241558404,
                0.0,
                0.8300534370061249,
                -1.4432899320127039e-15,
                -0.5576838635950652,
                0.0,
                -3.32835,
                59.3838,
                3.8402000000000016,
                1.0
            ],
            "parent": "R_eyebrowMain_JNT",
            "isJoint": true,
            "isLocator": false,
            "isCurve": false,
            "isSurface": false,
            "children": []
        },
        "R_eyebrow10_JNT": {
            "joint_matrix": [
                -0.5094677055108096,
                -0.5572651041304563,
                -0.6556662723977974,
                0.0,
                -0.34192066966943857,
                0.8303346335776147,
                -0.44003937543625676,
                0.0,
                0.7896410024146122,
                0.0,
                -0.6135691381626412,
                0.0,
                -3.21398,
                59.5089,
                3.9873900000000018,
                1.0
            ],
            "parent": "R_eyebrowMain_JNT",
            "isJoint": true,
            "isLocator": false,
            "isCurve": false,
            "isSurface": false,
            "children": []
        },
        "R_eyebrow09_JNT": {
            "joint_matrix": [
                -0.5803706412156076,
                -0.5014072466914258,
                -0.6416858201490104,
                0.0,
                -0.3363363497669289,
                0.8652114036264915,
                -0.37186971758955356,
                0.0,
                0.7416520603628379,
                1.1102230246251568e-16,
                -0.670784780208643,
                0.0,
                -3.07323,
                59.6305,
                4.14301,
                1.0
            ],
            "parent": "R_eyebrowMain_JNT",
            "isJoint": true,
            "isLocator": false,
            "isCurve": false,
            "isSurface": false,
            "children": []
        },
        "R_eyebrow08_JNT": {
            "joint_matrix": [
                -0.6389965953213418,
                -0.4905776280805591,
                -0.5924668277588089,
                0.0,
                -0.35974103276440567,
                0.871397493011572,
                -0.3335457967337411,
                0.0,
                0.6799042142194239,
                2.4980018054066027e-16,
                -0.73330093378276,
                0.0,
                -2.89882,
                59.7644,
                4.30472,
                1.0
            ],
            "parent": "R_eyebrowMain_JNT",
            "isJoint": true,
            "isLocator": false,
            "isCurve": false,
            "isSurface": false,
            "children": []
        },
        "R_eyebrow07_JNT": {
            "joint_matrix": [
                -0.6909554582430509,
                -0.4614512979819872,
                -0.5564559769783003,
                0.0,
                -0.35939436082893567,
                0.8871655423824458,
                -0.28943564710246317,
                0.0,
                0.6272290236655956,
                8.049116928532383e-16,
                -0.7788348681662267,
                0.0,
                -2.69518,
                59.9004,
                4.46872,
                1.0
            ],
            "parent": "R_eyebrowMain_JNT",
            "isJoint": true,
            "isLocator": false,
            "isCurve": false,
            "isSurface": false,
            "children": []
        },
        "R_eyebrow06_JNT": {
            "joint_matrix": [
                -0.815419792177319,
                -0.14500848247983705,
                -0.5604133318671074,
                0.0,
                -0.11950591494313603,
                0.9894304119082326,
                -0.08213279664487962,
                0.0,
                0.5663999459914362,
                2.636779683484747e-16,
                -0.8241305122253988,
                0.0,
                -2.4292,
                59.9477,
                4.65152,
                1.0
            ],
            "parent": "R_eyebrowMain_JNT",
            "isJoint": true,
            "isLocator": false,
            "isCurve": false,
            "isSurface": false,
            "children": []
        },
        "R_eyebrow05_JNT": {
            "joint_matrix": [
                -0.8641062486924668,
                0.11168173510247259,
                -0.490762244895768,
                0.0,
                0.09711241788750313,
                0.9937440264195309,
                0.05515422239087252,
                0.0,
                0.4938517685122486,
                -5.898059818321144e-17,
                -0.8695461061596012,
                0.0,
                -2.11739,
                59.9074,
                4.82861,
                1.0
            ],
            "parent": "R_eyebrowMain_JNT",
            "isJoint": true,
            "isLocator": false,
            "isCurve": false,
            "isSurface": false,
            "children": []
        },
        "R_eyebrow04_JNT": {
            "joint_matrix": [
                -0.9065027559777505,
                0.14416150035515823,
                -0.39682516958995,
                0.0,
                0.13206229725390128,
                0.9895541732595289,
                0.05781079335792333,
                0.0,
                0.4010140933293556,
                -3.122502256758253e-17,
                -0.9160718841615187,
                0.0,
                -1.831909999999999,
                59.862,
                4.95358,
                1.0
            ],
            "parent": "R_eyebrowMain_JNT",
            "isJoint": true,
            "isLocator": false,
            "isCurve": false,
            "isSurface": false,
            "children": []
        },
        "R_eyebrow03_JNT": {
            "joint_matrix": [
                -0.9346805748229374,
                0.1581197282660346,
                -0.318387145754565,
                0.0,
                0.1496743497746385,
                0.9874199468985196,
                0.0509846789385183,
                0.0,
                0.3224435021336333,
                -3.7470027081099033e-16,
                -0.9465887110735041,
                0.0,
                -1.5316200000000002,
                59.8112,
                5.05587,
                1.0
            ],
            "parent": "R_eyebrowMain_JNT",
            "isJoint": true,
            "isLocator": false,
            "isCurve": false,
            "isSurface": false,
            "children": []
        },
        "R_eyebrow02_JNT": {
            "joint_matrix": [
                -0.9220980252158903,
                0.31820971165033324,
                -0.2201767728539211,
                0.0,
                0.30950870144151893,
                0.948020347572462,
                0.07390388569333103,
                0.0,
                0.23224899488467135,
                4.163336342344338e-17,
                -0.9726563650000241,
                0.0,
                -1.25894,
                59.7171,
                5.12098,
                1.0
            ],
            "parent": "R_eyebrowMain_JNT",
            "isJoint": true,
            "isLocator": false,
            "isCurve": false,
            "isSurface": false,
            "children": []
        },
        "R_eyebrow01_JNT": {
            "joint_matrix": [
                -0.9091164184659664,
                0.38931534157987574,
                -0.14812461809624605,
                0.0,
                0.3842484272480667,
                0.9211045352241757,
                0.06260655993458304,
                0.0,
                0.16081195177287438,
                -5.551115123125783e-17,
                -0.9869850638013722,
                0.0,
                -1.0424699999999991,
                59.6244,
                5.15625,
                1.0
            ],
            "parent": "R_eyebrowMain_JNT",
            "isJoint": true,
            "isLocator": false,
            "isCurve": false,
            "isSurface": false,
            "children": []
        },
        "R_eyebrow00_JNT": {
            "joint_matrix": [
                -0.9306610921543877,
                0.3442765698857085,
                -0.12386918494013378,
                0.0,
                0.34126705102530247,
                0.9388682779962964,
                0.045421982087561395,
                0.0,
                0.1319345725520639,
                -3.261280134836398e-16,
                -0.9912584267311447,
                0.0,
                -0.883789999999999,
                59.5657,
                5.17737,
                1.0
            ],
            "parent": "R_eyebrowMain_JNT",
            "isJoint": true,
            "isLocator": false,
            "isCurve": false,
            "isSurface": false,
            "children": []
        },
        "R_eyebrowMain_JNT": {
            "joint_matrix": [
                -1.0,
                0.0,
                -1.2246467991473532e-16,
                0.0,
                0.0,
                1.0,
                0.0,
                0.0,
                1.2246467991473532e-16,
                0.0,
                -1.0,
                0.0,
                -2.18816,
                59.6687,
                4.46837,
                1.0
            ],
            "parent": "C_guides_GRP",
            "isJoint": true,
            "isLocator": false,
            "isCurve": false,
            "isSurface": false,
            "children": [
                "R_eyebrow12_JNT",
                "R_eyebrow11_JNT",
                "R_eyebrow10_JNT",
                "R_eyebrow09_JNT",
                "R_eyebrow08_JNT",
                "R_eyebrow07_JNT",
                "R_eyebrow06_JNT",
                "R_eyebrow05_JNT",
                "R_eyebrow04_JNT",
                "R_eyebrow03_JNT",
                "R_eyebrow02_JNT",
                "R_eyebrow01_JNT",
                "R_eyebrow00_JNT"
            ]
        },
        "L_eyebrow12_JNT": {
            "joint_matrix": [
                0.46008916309309345,
                -0.5651320984747296,
                -0.6847946212389854,
                0.0,
                0.31516487074504124,
                0.8250004310747654,
                -0.4690899625601819,
                0.0,
                0.8300536526349115,
                3.608224830031759e-16,
                0.5576835426542921,
                0.0,
                3.4334700107574463,
                59.25463104248047,
                3.6837399005889893,
                1.0
            ],
            "parent": "L_eyebrowMain_JNT",
            "isJoint": true,
            "isLocator": false,
            "isCurve": false,
            "isSurface": false,
            "children": []
        },
        "L_eyebrow11_JNT": {
            "joint_matrix": [
                0.46008916309309345,
                -0.5651320984747296,
                -0.6847946212389854,
                0.0,
                0.31516487074504124,
                0.8250004310747654,
                -0.4690899625601819,
                0.0,
                0.8300536526349115,
                3.608224830031759e-16,
                0.5576835426542921,
                0.0,
                3.328350067138672,
                59.383750915527344,
                3.8401999473571777,
                1.0
            ],
            "parent": "L_eyebrowMain_JNT",
            "isJoint": true,
            "isLocator": false,
            "isCurve": false,
            "isSurface": false,
            "children": []
        },
        "L_eyebrow10_JNT": {
            "joint_matrix": [
                0.5094192919607754,
                -0.5573778926871419,
                -0.6556080152971158,
                0.0,
                0.3419885561529734,
                0.8302589263257825,
                -0.4401294613142406,
                0.0,
                0.7896428385280189,
                8.049116928532387e-16,
                0.6135667751446563,
                0.0,
                3.213979959487915,
                59.508888244628906,
                3.9873909950256348,
                1.0
            ],
            "parent": "L_eyebrowMain_JNT",
            "isJoint": true,
            "isLocator": false,
            "isCurve": false,
            "isSurface": false,
            "children": []
        },
        "L_eyebrow09_JNT": {
            "joint_matrix": [
                0.5803338214848357,
                -0.5015060648443016,
                -0.6416418958930208,
                0.0,
                0.3364035625023073,
                0.8651541289992108,
                -0.37194216783173845,
                0.0,
                0.7416503885096826,
                8.326672684688672e-17,
                0.6707866286856328,
                0.0,
                3.073230028152466,
                59.63051986694336,
                4.143010139465332,
                1.0
            ],
            "parent": "L_eyebrowMain_JNT",
            "isJoint": true,
            "isLocator": false,
            "isCurve": false,
            "isSurface": false,
            "children": []
        },
        "L_eyebrow08_JNT": {
            "joint_matrix": [
                0.6390193830830995,
                -0.4905238046597623,
                -0.5924868142888973,
                0.0,
                0.35970188446816137,
                0.8714277922249849,
                -0.33350885632609845,
                0.0,
                0.6799035095909922,
                -4.440892098500625e-16,
                0.733301587101686,
                0.0,
                2.898819923400879,
                59.764400482177734,
                4.304719924926758,
                1.0
            ],
            "parent": "L_eyebrowMain_JNT",
            "isJoint": true,
            "isLocator": false,
            "isCurve": false,
            "isSurface": false,
            "children": []
        },
        "L_eyebrow07_JNT": {
            "joint_matrix": [
                0.6909577954127601,
                -0.46144533586086095,
                -0.5564580190549827,
                0.0,
                0.3593896767039977,
                0.8871686435014806,
                -0.28943195792161386,
                0.0,
                0.6272291329625358,
                -1.9428902930940235e-16,
                0.7788347801447144,
                0.0,
                2.6951799392700195,
                59.90039825439453,
                4.468719959259033,
                1.0
            ],
            "parent": "L_eyebrowMain_JNT",
            "isJoint": true,
            "isLocator": false,
            "isCurve": false,
            "isSurface": false,
            "children": []
        },
        "L_eyebrow06_JNT": {
            "joint_matrix": [
                0.8154261540788875,
                -0.14495802251604756,
                -0.5604171294244595,
                0.0,
                0.11946436865508335,
                0.9894378058818235,
                -0.08210415893001578,
                0.0,
                0.5663995514351656,
                -2.6645352591003765e-15,
                0.8241307833918372,
                0.0,
                2.4291999340057373,
                59.94768142700195,
                4.651519775390625,
                1.0
            ],
            "parent": "L_eyebrowMain_JNT",
            "isJoint": true,
            "isLocator": false,
            "isCurve": false,
            "isSurface": false,
            "children": []
        },
        "L_eyebrow05_JNT": {
            "joint_matrix": [
                0.8641166712688042,
                0.11157309732115363,
                -0.4907686037120608,
                0.0,
                -0.09701793114288011,
                0.9937562296429464,
                0.055100608731582915,
                0.0,
                0.49385210283249453,
                3.892719480091955e-15,
                0.8695459162850017,
                0.0,
                2.1173899173736572,
                59.90742111206055,
                4.828609943389893,
                1.0
            ],
            "parent": "L_eyebrowMain_JNT",
            "isJoint": true,
            "isLocator": false,
            "isCurve": false,
            "isSurface": false,
            "children": []
        },
        "L_eyebrow04_JNT": {
            "joint_matrix": [
                0.9065048186039496,
                0.14413404320086956,
                -0.3968304315931305,
                0.0,
                -0.13203691128239217,
                0.989558172918889,
                0.057800315470037306,
                0.0,
                0.4010177900128946,
                -1.6583956430338272e-15,
                0.916070265914779,
                0.0,
                1.8319109678268433,
                59.862030029296875,
                4.953580856323242,
                1.0
            ],
            "parent": "L_eyebrowMain_JNT",
            "isJoint": true,
            "isLocator": false,
            "isCurve": false,
            "isSurface": false,
            "children": []
        },
        "L_eyebrow03_JNT": {
            "joint_matrix": [
                0.9346911937601498,
                0.15806266694775054,
                -0.3183843049281647,
                0.0,
                -0.1496206517005703,
                0.9874290826775179,
                0.05096535359763665,
                0.0,
                0.32243764186571444,
                1.9671764217576996e-15,
                0.9465907072795915,
                0.0,
                1.5316200256347656,
                59.811248779296875,
                5.055869102478027,
                1.0
            ],
            "parent": "L_eyebrowMain_JNT",
            "isJoint": true,
            "isLocator": false,
            "isCurve": false,
            "isSurface": false,
            "children": []
        },
        "L_eyebrow02_JNT": {
            "joint_matrix": [
                0.9220398451794989,
                0.3183862873290086,
                -0.2201651560583911,
                0.0,
                -0.30968027626708333,
                0.9479610604032478,
                0.07394561819535306,
                0.0,
                0.23225126564242582,
                2.4216739724636227e-15,
                0.9726558227901025,
                0.0,
                1.2589399814605713,
                59.71709060668945,
                5.1209797859191895,
                1.0
            ],
            "parent": "L_eyebrowMain_JNT",
            "isJoint": true,
            "isLocator": false,
            "isCurve": false,
            "isSurface": false,
            "children": []
        },
        "L_eyebrow01_JNT": {
            "joint_matrix": [
                0.9091318855923707,
                0.38927792103008285,
                -0.14812803515120654,
                0.0,
                -0.384211433559146,
                0.9211203505506197,
                0.06260091152634578,
                0.0,
                0.16081290035841794,
                -3.2890357104520255e-15,
                0.9869849092454827,
                0.0,
                1.0424699783325195,
                59.6244010925293,
                5.15625,
                1.0
            ],
            "parent": "L_eyebrowMain_JNT",
            "isJoint": true,
            "isLocator": false,
            "isCurve": false,
            "isSurface": false,
            "children": []
        },
        "L_eyebrow00_JNT": {
            "joint_matrix": [
                0.9306312823567034,
                0.3443584080110185,
                -0.12386566566742595,
                0.0,
                -0.3413481522493009,
                0.9388382644695075,
                0.04543294095555824,
                0.0,
                0.13193504180128107,
                -2.0573820425084936e-15,
                0.9912583642748717,
                0.0,
                0.8837900161743164,
                59.5656852722168,
                5.177370071411133,
                1.0
            ],
            "parent": "L_eyebrowMain_JNT",
            "isJoint": true,
            "isLocator": false,
            "isCurve": false,
            "isSurface": false,
            "children": []
        },
        "L_eyebrowMain_JNT": {
            "joint_matrix": [
                1.0,
                0.0,
                0.0,
                0.0,
                0.0,
                1.0,
                0.0,
                0.0,
                0.0,
                0.0,
                1.0,
                0.0,
                2.188157558441162,
                59.6687126159668,
                4.468366622924805,
                1.0
            ],
            "parent": "C_guides_GRP",
            "isJoint": true,
            "isLocator": false,
            "isCurve": false,
            "isSurface": false,
            "children": [
                "L_eyebrow12_JNT",
                "L_eyebrow11_JNT",
                "L_eyebrow10_JNT",
                "L_eyebrow09_JNT",
                "L_eyebrow08_JNT",
                "L_eyebrow07_JNT",
                "L_eyebrow06_JNT",
                "L_eyebrow05_JNT",
                "L_eyebrow04_JNT",
                "L_eyebrow03_JNT",
                "L_eyebrow02_JNT",
                "L_eyebrow01_JNT",
                "L_eyebrow00_JNT"
            ]
        },
        "C_nose_JNT": {
            "joint_matrix": [
                1.0,
                0.0,
                0.0,
                0.0,
                0.0,
                1.0,
                0.0,
                0.0,
                0.0,
                0.0,
                1.0,
                0.0,
                0.0,
                134.16439819335938,
                10.487225953927119,
                1.0
            ],
            "parent": "C_guides_GRP",
            "isJoint": true,
            "isLocator": false,
            "isCurve": false,
            "isSurface": false,
            "children": []
        },
        "L_eyeEnd_JNT": {
            "joint_matrix": [
                1.0,
                0.0,
                0.0,
                0.0,
                0.0,
                1.0,
                0.0,
                0.0,
                0.0,
                0.0,
                1.0,
                0.0,
                5.32883358001709,
                138.74608612060544,
                9.834101699852662,
                1.0
            ],
            "parent": "L_eye_JNT",
            "isJoint": true,
            "isLocator": false,
            "isCurve": false,
            "isSurface": false,
            "children": []
        },
        "L_eye_JNT": {
            "joint_matrix": [
                1.0,
                0.0,
                0.0,
                0.0,
                0.0,
                1.0,
                0.0,
                0.0,
                0.0,
                0.0,
                1.0,
                0.0,
                5.32883358001709,
                138.74608612060547,
                6.133878559808432,
                1.0
            ],
            "parent": "C_guides_GRP",
            "isJoint": true,
            "isLocator": false,
            "isCurve": false,
            "isSurface": false,
            "children": [
                "L_eyeEnd_JNT"
            ]
        },
        "C_noseMain_JNT": {
            "joint_matrix": [
                1.0,
                0.0,
                0.0,
                0.0,
                0.0,
                1.0,
                0.0,
                0.0,
                0.0,
                0.0,
                1.0,
                0.0,
                0.0,
                139.22872161865234,
                10.212892532348633,
                1.0
            ],
            "parent": "C_guides_GRP",
            "isJoint": true,
            "isLocator": false,
            "isCurve": false,
            "isSurface": false,
            "children": []
        },
        "C_noseTip_JNT": {
            "joint_matrix": [
                1.0,
                0.0,
                0.0,
                0.0,
                0.0,
                1.0,
                0.0,
                0.0,
                0.0,
                0.0,
                1.0,
                0.0,
                0.0,
                134.16439819335938,
                12.713624954223633,
                1.0
            ],
            "parent": "C_guides_GRP",
            "isJoint": true,
            "isLocator": false,
            "isCurve": false,
            "isSurface": false,
            "children": []
        },
        "L_nosetril_JNT": {
            "joint_matrix": [
                1.0,
                0.0,
                0.0,
                0.0,
                0.0,
                1.0,
                0.0,
                0.0,
                0.0,
                0.0,
                1.0,
                0.0,
                0.3963959217071533,
                132.9336700439453,
                11.365482330322266,
                1.0
            ],
            "parent": "C_guides_GRP",
            "isJoint": true,
            "isLocator": false,
            "isCurve": false,
            "isSurface": false,
            "children": []
        },
        "L_nose_JNT": {
            "joint_matrix": [
                1.0,
                0.0,
                0.0,
                0.0,
                0.0,
                1.0,
                0.0,
                0.0,
                0.0,
                0.0,
                1.0,
                0.0,
                1.7743273973464966,
                133.78650665283203,
                11.148282527923584,
                1.0
            ],
            "parent": "C_guides_GRP",
            "isJoint": true,
            "isLocator": false,
            "isCurve": false,
            "isSurface": false,
            "children": []
        },
        "L_ear02_JNT": {
            "joint_matrix": [
                0.821667301989614,
                -0.5519613343357647,
                0.14213208729696108,
                0.0,
                0.5699674068235032,
                0.7957096756002664,
                -0.2048981876811261,
                0.0,
                5.551115123125783e-16,
                0.24936879827757305,
                0.9684085927156983,
                0.0,
                12.317657417134345,
                138.20929232810215,
                -4.024752015147159,
                1.0
            ],
            "parent": "L_ear01_JNT",
            "isJoint": true,
            "isLocator": false,
            "isCurve": false,
            "isSurface": false,
            "children": []
        },
        "L_ear01_JNT": {
            "joint_matrix": [
                0.821667301989614,
                -0.5519613343357647,
                0.14213208729696108,
                0.0,
                0.5699674068235032,
                0.7957096756002664,
                -0.2048981876811261,
                0.0,
                5.551115123125783e-16,
                0.24936879827757305,
                0.9684085927156983,
                0.0,
                10.676959991455078,
                135.91877746582034,
                -3.4349359571933875,
                1.0
            ],
            "parent": "L_ear00_JNT",
            "isJoint": true,
            "isLocator": false,
            "isCurve": false,
            "isSurface": false,
            "children": [
                "L_ear02_JNT"
            ]
        },
        "L_ear00_JNT": {
            "joint_matrix": [
                0.34216274179907347,
                -0.0031317981881167087,
                0.939635487816765,
                0.0,
                0.5699674068235032,
                0.7957096756002664,
                -0.2048981876811261,
                0.0,
                -0.7470353494202481,
                0.605670128036894,
                0.27404722717141394,
                0.0,
                9.08176565170288,
                133.69178771972656,
                -2.861477851867676,
                1.0
            ],
            "parent": "C_guides_GRP",
            "isJoint": true,
            "isLocator": false,
            "isCurve": false,
            "isSurface": false,
            "children": [
                "L_ear01_JNT"
            ]
        },
        "C_eyebrowMid_JNT": {
            "joint_matrix": [
                1.0,
                0.0,
                0.0,
                0.0,
                0.0,
                1.0,
                0.0,
                0.0,
                0.0,
                0.0,
                1.0,
                0.0,
                1.817886394965541e-17,
                141.54559326171875,
                10.86563777923584,
                1.0
            ],
            "parent": "C_guides_GRP",
            "isJoint": true,
            "isLocator": false,
            "isCurve": false,
            "isSurface": false,
            "children": []
        },
        "L_upperSocket_JNT": {
            "joint_matrix": [
                1.0,
                0.0,
                0.0,
                0.0,
                0.0,
                1.0,
                0.0,
                0.0,
                0.0,
                0.0,
                1.0,
                0.0,
                5.662227630615234,
                141.364990234375,
                9.449535369873047,
                1.0
            ],
            "parent": "C_guides_GRP",
            "isJoint": true,
            "isLocator": false,
            "isCurve": false,
            "isSurface": false,
            "children": []
        },
        "L_upOutSocket_JNT": {
            "joint_matrix": [
                1.0,
                0.0,
                0.0,
                0.0,
                0.0,
                1.0,
                0.0,
                0.0,
                0.0,
                0.0,
                1.0,
                0.0,
                7.697564601898193,
                140.99668884277344,
                7.801779747009277,
                1.0
            ],
            "parent": "C_guides_GRP",
            "isJoint": true,
            "isLocator": false,
            "isCurve": false,
            "isSurface": false,
            "children": []
        },
        "L_outSocket_JNT": {
            "joint_matrix": [
                1.0,
                0.0,
                0.0,
                0.0,
                0.0,
                1.0,
                0.0,
                0.0,
                0.0,
                0.0,
                1.0,
                0.0,
                8.593635559082031,
                139.32159423828125,
                6.423630714416504,
                1.0
            ],
            "parent": "C_guides_GRP",
            "isJoint": true,
            "isLocator": false,
