{
    "yin": {
        "L_cheek_JNT": {
            "joint_matrix": [
                1.0,
                0.0,
                0.0,
                0.0,
                0.0,
                1.0,
                0.0,
                0.0,
                0.0,
                0.0,
                1.0,
                0.0,
                3.109825015068054,
                55.43986511230469,
                2.439435064792633,
                1.0
            ],
            "parent": "C_guides_GRP",
            "isJoint": true,
            "isLocator": false,
            "isCurve": false,
            "isSurface": false,
            "children": []
        },
        "L_cheekbone02_JNT": {
            "joint_matrix": [
                1.0,
                0.0,
                0.0,
                0.0,
                0.0,
                1.0,
                0.0,
                0.0,
                0.0,
                0.0,
                1.0,
                0.0,
                3.5251244306564313,
                56.77850532531738,
                3.430064558982848,
                1.0
            ],
            "parent": "L_cheekbone_JNT",
            "isJoint": true,
            "isLocator": false,
            "isCurve": false,
            "isSurface": false,
            "children": []
        },
        "L_cheekbone00_JNT": {
            "joint_matrix": [
                1.0,
                0.0,
                0.0,
                0.0,
                0.0,
                1.0,
                0.0,
                0.0,
                0.0,
                0.0,
                1.0,
                0.0,
                1.2526000142097458,
                56.84578323364258,
                4.748110055923462,
                1.0
            ],
            "parent": "L_cheekbone_JNT",
            "isJoint": true,
            "isLocator": false,
            "isCurve": false,
            "isSurface": false,
            "children": []
        },
        "L_cheekbone01_JNT": {
            "joint_matrix": [
                1.0,
                0.0,
                0.0,
                0.0,
                0.0,
                1.0,
                0.0,
                0.0,
                0.0,
                0.0,
                1.0,
                0.0,
                2.5703749656677237,
                56.416238784790046,
                4.302809476852415,
                1.0
            ],
            "parent": "L_cheekbone_JNT",
            "isJoint": true,
            "isLocator": false,
            "isCurve": false,
            "isSurface": false,
            "children": []
        },
        "L_cheekbone_JNT": {
            "joint_matrix": [
                1.0,
                0.0,
                0.0,
                0.0,
                0.0,
                1.0,
                0.0,
                0.0,
                0.0,
                0.0,
                1.0,
                0.0,
                2.2788851383844566,
                56.6523841723282,
                3.7427899690907624,
                1.0
            ],
            "parent": "C_guides_GRP",
            "isJoint": true,
            "isLocator": false,
            "isCurve": false,
            "isSurface": false,
            "children": [
                "L_cheekbone02_JNT",
                "L_cheekbone00_JNT",
                "L_cheekbone01_JNT"
            ]
        },
        "L_upInSocket_JNT": {
            "joint_matrix": [
                1.0,
                0.0,
                0.0,
                0.0,
                0.0,
                1.0,
                0.0,
                0.0,
                0.0,
                0.0,
                1.0,
                0.0,
                1.0307350158691406,
                58.667306900024414,
                4.779214859008789,
                1.0
            ],
            "parent": "C_guides_GRP",
            "isJoint": true,
            "isLocator": false,
            "isCurve": false,
            "isSurface": false,
            "children": []
        },
        "L_inSocket_JNT": {
            "joint_matrix": [
                1.0,
                0.0,
                0.0,
                0.0,
                0.0,
                1.0,
                0.0,
                0.0,
                0.0,
                0.0,
                1.0,
                0.0,
                0.8583550155162811,
                57.807987213134766,
                4.61242938041687,
                1.0
            ],
            "parent": "C_guides_GRP",
            "isJoint": true,
            "isLocator": false,
            "isCurve": false,
            "isSurface": false,
            "children": []
        },
        "L_downInSocket_JNT": {
            "joint_matrix": [
                1.0,
                0.0,
                0.0,
                0.0,
                0.0,
                1.0,
                0.0,
                0.0,
                0.0,
                0.0,
                1.0,
                0.0,
                1.311644971370697,
                57.209035873413086,
                4.547989845275879,
                1.0
            ],
            "parent": "C_guides_GRP",
            "isJoint": true,
            "isLocator": false,
            "isCurve": false,
            "isSurface": false,
            "children": []
        },
        "L_lowerSocket_JNT": {
            "joint_matrix": [
                1.0,
                0.0,
                0.0,
                0.0,
                0.0,
                1.0,
                0.0,
                0.0,
                0.0,
                0.0,
                1.0,
                0.0,
                2.375295042991638,
                56.97953414916992,
                4.3381500244140625,
                1.0
            ],
            "parent": "C_guides_GRP",
            "isJoint": true,
            "isLocator": false,
            "isCurve": false,
            "isSurface": false,
            "children": []
        },
        "L_downOutSocket_JNT": {
            "joint_matrix": [
                1.0,
                0.0,
                0.0,
                0.0,
                0.0,
                1.0,
                0.0,
                0.0,
                0.0,
                0.0,
                1.0,
                0.0,
                3.354865074157715,
                57.32236099243164,
                3.645235061645508,
                1.0
            ],
            "parent": "C_guides_GRP",
            "isJoint": true,
            "isLocator": false,
            "isCurve": false,
            "isSurface": false,
            "children": []
        },
        "L_outSocket_JNT": {
            "joint_matrix": [
                1.0,
                0.0,
                0.0,
                0.0,
                0.0,
                1.0,
                0.0,
                0.0,
                0.0,
                0.0,
                1.0,
                0.0,
                3.5043004751205444,
                58.16628646850586,
                3.4744054079055786,
                1.0
            ],
            "parent": "C_guides_GRP",
            "isJoint": true,
            "isLocator": false,
            "isCurve": false,
            "isSurface": false,
            "children": []
        },
        "L_upOutSocket_JNT": {
            "joint_matrix": [
                1.0,
                0.0,
                0.0,
                0.0,
                0.0,
                1.0,
                0.0,
                0.0,
                0.0,
                0.0,
                1.0,
                0.0,
                2.9645450115203857,
                58.9642219543457,
                4.1469104290008545,
                1.0
            ],
            "parent": "C_guides_GRP",
            "isJoint": true,
            "isLocator": false,
            "isCurve": false,
            "isSurface": false,
            "children": []
        },
        "L_upperSocket_JNT": {
            "joint_matrix": [
                1.0,
                0.0,
                0.0,
                0.0,
                0.0,
                1.0,
                0.0,
                0.0,
                0.0,
                0.0,
                1.0,
                0.0,
                2.019005000591278,
                59.13499069213867,
                4.656440019607544,
                1.0
            ],
            "parent": "C_guides_GRP",
            "isJoint": true,
            "isLocator": false,
            "isCurve": false,
            "isSurface": false,
            "children": []
        },
        "C_eyebrowMid_JNT": {
            "joint_matrix": [
                1.0,
                0.0,
                0.0,
                0.0,
                0.0,
                1.0,
                0.0,
                0.0,
                0.0,
                0.0,
                1.0,
                0.0,
                0.0,
                59.505435943603516,
                5.272861003875732,
                1.0
            ],
            "parent": "C_guides_GRP",
            "isJoint": true,
            "isLocator": false,
            "isCurve": false,
            "isSurface": false,
            "children": []
        },
        "L_ear02_JNT": {
            "joint_matrix": [
                0.884612127936738,
                -0.4663275491617841,
                1.3877787807814457e-17,
                0.0,
                0.4619543002376322,
                0.8763161800697401,
                -0.13663153750118734,
                0.0,
                0.06371505002113512,
                0.12086591513219358,
                0.9906219374514486,
                0.0,
                4.746270510229039,
                58.44751022326008,
                -0.3673586438950033,
                1.0
            ],
            "parent": "L_ear01_JNT",
            "isJoint": true,
            "isLocator": false,
            "isCurve": false,
            "isSurface": false,
            "children": []
        },
        "L_ear01_JNT": {
            "joint_matrix": [
                0.884612127936738,
                -0.4663275491617841,
                1.3877787807814457e-17,
                0.0,
                0.4619543002376322,
                0.8763161800697401,
                -0.13663153750118734,
                0.0,
                0.06371505002113512,
                0.12086591513219358,
                0.9906219374514486,
                0.0,
                4.270265442594005,
                57.54454007589011,
                -0.22657133178236533,
                1.0
            ],
            "parent": "L_ear00_JNT",
            "isJoint": true,
            "isLocator": false,
            "isCurve": false,
            "isSurface": false,
            "children": [
                "L_ear02_JNT"
            ]
        },
        "L_ear00_JNT": {
            "joint_matrix": [
                0.884612127936738,
                -0.4663275491617841,
                1.3877787807814457e-17,
                0.0,
                0.42317529654942554,
                0.8027533441756296,
                -0.4201306187427297,
                0.0,
                0.1959184817661211,
                0.37165264065738457,
                0.9074636429052412,
                0.0,
                3.8555251359939575,
                56.75778770446777,
                0.18518498539924622,
                1.0
            ],
            "parent": "C_guides_GRP",
            "isJoint": true,
            "isLocator": false,
            "isCurve": false,
            "isSurface": false,
            "children": [
                "L_ear01_JNT"
            ]
        },
        "L_nose_JNT": {
            "joint_matrix": [
                1.0,
                0.0,
                0.0,
                0.0,
                0.0,
                1.0,
                0.0,
                0.0,
                0.0,
                0.0,
                1.0,
                0.0,
                0.8426550328731537,
                56.32617950439453,
                5.241499662399292,
                1.0
            ],
            "parent": "C_guides_GRP",
            "isJoint": true,
            "isLocator": false,
            "isCurve": false,
            "isSurface": false,
            "children": []
        },
        "L_nosetril_JNT": {
            "joint_matrix": [
                1.0,
                0.0,
                0.0,
                0.0,
                0.0,
                1.0,
                0.0,
                0.0,
                0.0,
                0.0,
                1.0,
                0.0,
                0.37814998626708984,
                55.95737075805664,
                5.317130088806152,
                1.0
            ],
            "parent": "C_guides_GRP",
            "isJoint": true,
            "isLocator": false,
            "isCurve": false,
            "isSurface": false,
            "children": []
        },
        "C_noseTip_JNT": {
            "joint_matrix": [
                1.0,
                0.0,
                0.0,
                0.0,
                0.0,
                1.0,
                0.0,
                0.0,
                0.0,
                0.0,
                1.0,
                0.0,
                0.0,
                56.50382995605469,
                5.816140174865723,
                1.0
            ],
            "parent": "C_guides_GRP",
            "isJoint": true,
            "isLocator": false,
            "isCurve": false,
            "isSurface": false,
            "children": []
        },
        "C_noseMain_JNT": {
            "joint_matrix": [
                1.0,
                0.0,
                0.0,
                0.0,
                0.0,
                1.0,
                0.0,
                0.0,
                0.0,
                0.0,
                1.0,
                0.0,
                0.0,
                58.99131393432617,
                5.093055963516235,
                1.0
            ],
            "parent": "C_guides_GRP",
            "isJoint": true,
            "isLocator": false,
            "isCurve": false,
            "isSurface": false,
            "children": []
        },
        "C_throat_JNT": {
            "joint_matrix": [
                1.0,
                0.0,
                0.0,
                0.0,
                0.0,
                1.0,
                0.0,
                0.0,
                0.0,
                0.0,
                1.0,
                0.0,
                0.0,
                52.634490966796875,
                1.3463799953460693,
                1.0
            ],
            "parent": "C_guides_GRP",
            "isJoint": true,
            "isLocator": false,
            "isCurve": false,
            "isSurface": false,
            "children": []
        },
        "C_neck04_JNT": {
            "joint_matrix": [
                1.0,
                0.0,
                0.0,
                0.0,
                0.0,
                1.0,
                0.0,
                0.0,
                0.0,
                0.0,
                1.0,
                0.0,
                0.0,
                56.764138412475575,
                -0.6230699419974997,
                1.0
            ],
            "parent": "C_neck03_JNT",
            "isJoint": true,
            "isLocator": false,
            "isCurve": false,
            "isSurface": false,
            "children": []
        },
        "C_neck03_JNT": {
            "joint_matrix": [
                1.0,
                0.0,
                0.0,
                0.0,
                0.0,
                1.0,
                0.0,
                0.0,
                0.0,
                0.0,
                1.0,
                0.0,
                0.0,
                55.46413841247558,
                -0.6230699419975068,
                1.0
            ],
            "parent": "C_neck02_JNT",
            "isJoint": true,
            "isLocator": false,
            "isCurve": false,
            "isSurface": false,
            "children": [
                "C_neck04_JNT"
            ]
        },
        "C_neck02_JNT": {
            "joint_matrix": [
                1.0,
                0.0,
                0.0,
                0.0,
                0.0,
                1.0,
                0.0,
                0.0,
                0.0,
                0.0,
                1.0,
                0.0,
                0.0,
                54.16413841247558,
                -0.6230699419975139,
                1.0
            ],
            "parent": "C_neck01_JNT",
            "isJoint": true,
            "isLocator": false,
            "isCurve": false,
            "isSurface": false,
            "children": [
                "C_neck03_JNT"
            ]
        },
        "C_neck01_JNT": {
            "joint_matrix": [
                1.0,
                0.0,
                0.0,
                0.0,
                0.0,
                1.0,
                0.0,
                0.0,
                0.0,
                0.0,
                1.0,
                0.0,
                0.0,
                52.86413841247558,
                -0.6230699419974997,
                1.0
            ],
            "parent": "C_neck00_JNT",
            "isJoint": true,
            "isLocator": false,
            "isCurve": false,
            "isSurface": false,
            "children": [
                "C_neck02_JNT"
            ]
        },
        "C_neck00_JNT": {
            "joint_matrix": [
                1.0,
                0.0,
                0.0,
                0.0,
                0.0,
                1.0,
                0.0,
                0.0,
                0.0,
                0.0,
                1.0,
                0.0,
                0.0,
                51.564138412475586,
                -0.6230699419975281,
                1.0
            ],
            "parent": "C_guides_GRP",
            "isJoint": true,
            "isLocator": false,
            "isCurve": false,
            "isSurface": false,
            "children": [
                "C_neck01_JNT"
            ]
        },
        "L_eyeEnd_JNT": {
            "joint_matrix": [
                1.0,
                0.0,
                0.0,
                0.0,
                0.0,
                1.0,
                0.0,
                0.0,
                0.0,
                0.0,
                1.0,
                0.0,
                1.6591254975646732,
                58.11775207519529,
                4.363195203804688,
                1.0
            ],
            "parent": "L_eye_JNT",
            "isJoint": true,
            "isLocator": false,
            "isCurve": false,
            "isSurface": false,
            "children": []
        },
        "L_eye_JNT": {
            "joint_matrix": [
                1.0,
                0.0,
                0.0,
                0.0,
                0.0,
                1.0,
                0.0,
                0.0,
                0.0,
                0.0,
                1.0,
                0.0,
                1.6591254975646734,
                58.11775207519531,
                2.72537899017334,
                1.0
            ],
            "parent": "C_guides_GRP",
            "isJoint": true,
            "isLocator": false,
            "isCurve": false,
            "isSurface": false,
            "children": [
                "L_eyeEnd_JNT"
            ]
        },
        "C_nose_JNT": {
            "joint_matrix": [
                1.0,
                0.0,
                0.0,
                0.0,
                0.0,
                1.0,
                0.0,
                0.0,
                0.0,
                0.0,
                1.0,
                0.0,
                0.0,
                56.28971189283812,
                4.963275257779196,
                1.0
            ],
            "parent": "C_guides_GRP",
            "isJoint": true,
            "isLocator": false,
            "isCurve": false,
            "isSurface": false,
            "children": []
        },
        "R_nose_JNT": {
            "joint_matrix": [
                1.0,
                0.0,
                0.0,
                0.0,
                0.0,
                1.0,
                0.0,
                0.0,
                0.0,
                0.0,
                1.0,
                0.0,
                -0.842655,
                56.3262,
                5.2415,
                1.0
            ],
            "parent": "C_guides_GRP",
            "isJoint": true,
            "isLocator": false,
            "isCurve": false,
            "isSurface": false,
            "children": []
        },
        "L_eyebrow00_JNT": {
            "joint_matrix": [
                0.9306312823567036,
                0.3443584080110185,
                -0.12386566566742575,
                0.0,
                -0.3413481522493009,
                0.9388382644695075,
                0.04543294095555825,
                0.0,
                0.1319350418012809,
                -2.1371793224034267e-15,
                0.9912583642748717,
                0.0,
                0.8837900161743164,
                59.5656852722168,
                5.177370071411133,
                1.0
            ],
            "parent": "L_eyebrowMain_JNT",
            "isJoint": true,
            "isLocator": false,
            "isCurve": false,
            "isSurface": false,
            "children": []
        },
        "L_eyebrow01_JNT": {
            "joint_matrix": [
                0.9091318855923707,
                0.38927792103008285,
                -0.14812803515120654,
                0.0,
                -0.384211433559146,
                0.9211203505506197,
                0.06260091152634578,
                0.0,
                0.16081290035841794,
                -3.2890357104520255e-15,
                0.9869849092454827,
                0.0,
                1.0424699783325195,
                59.6244010925293,
                5.15625,
                1.0
            ],
            "parent": "L_eyebrowMain_JNT",
            "isJoint": true,
            "isLocator": false,
            "isCurve": false,
            "isSurface": false,
            "children": []
        },
        "L_eyebrow02_JNT": {
            "joint_matrix": [
                0.9220398451794989,
                0.3183862873290086,
                -0.2201651560583911,
                0.0,
                -0.30968027626708333,
                0.9479610604032478,
                0.07394561819535306,
                0.0,
                0.23225126564242582,
                2.4216739724636227e-15,
                0.9726558227901025,
                0.0,
                1.2589399814605713,
                59.71709060668945,
                5.1209797859191895,
                1.0
            ],
            "parent": "L_eyebrowMain_JNT",
            "isJoint": true,
            "isLocator": false,
            "isCurve": false,
            "isSurface": false,
            "children": []
        },
        "L_eyebrow03_JNT": {
            "joint_matrix": [
                0.9346911937601498,
                0.15806266694775054,
                -0.3183843049281647,
                0.0,
                -0.1496206517005703,
                0.9874290826775179,
                0.05096535359763665,
                0.0,
                0.32243764186571444,
                1.9671764217576996e-15,
                0.9465907072795915,
                0.0,
                1.5316200256347656,
                59.811248779296875,
                5.055869102478027,
                1.0
            ],
            "parent": "L_eyebrowMain_JNT",
            "isJoint": true,
            "isLocator": false,
            "isCurve": false,
            "isSurface": false,
            "children": []
        },
        "L_eyebrow04_JNT": {
            "joint_matrix": [
                0.9065048186039496,
                0.1441340432008695,
                -0.3968304315931305,
                0.0,
                -0.13203691128239212,
                0.989558172918889,
                0.05780031547003732,
                0.0,
                0.4010177900128946,
                -1.6896206656014097e-15,
                0.916070265914779,
                0.0,
                1.8319109678268433,
                59.862030029296875,
                4.953580856323242,
                1.0
            ],
            "parent": "L_eyebrowMain_JNT",
            "isJoint": true,
            "isLocator": false,
            "isCurve": false,
            "isSurface": false,
            "children": []
        },
        "L_eyebrow05_JNT": {
            "joint_matrix": [
                0.8641166712688042,
                0.11157309732115363,
                -0.4907686037120608,
                0.0,
                -0.09701793114288011,
                0.9937562296429464,
                0.055100608731582915,
                0.0,
                0.49385210283249453,
                3.892719480091955e-15,
                0.8695459162850017,
                0.0,
                2.1173899173736572,
                59.90742111206055,
                4.828609943389893,
                1.0
            ],
            "parent": "L_eyebrowMain_JNT",
            "isJoint": true,
            "isLocator": false,
            "isCurve": false,
            "isSurface": false,
            "children": []
        },
        "L_eyebrow06_JNT": {
            "joint_matrix": [
                0.8154261540788875,
                -0.14495802251604756,
                -0.5604171294244595,
                0.0,
                0.11946436865508335,
                0.9894378058818235,
                -0.08210415893001578,
                0.0,
                0.5663995514351656,
                -2.6645352591003765e-15,
                0.8241307833918372,
                0.0,
                2.4291999340057373,
                59.94768142700195,
                4.651519775390625,
                1.0
            ],
            "parent": "L_eyebrowMain_JNT",
            "isJoint": true,
            "isLocator": false,
            "isCurve": false,
            "isSurface": false,
            "children": []
        },
        "L_eyebrow07_JNT": {
            "joint_matrix": [
                0.6909577954127601,
                -0.46144533586086095,
                -0.5564580190549827,
                0.0,
                0.3593896767039977,
                0.8871686435014806,
                -0.28943195792161386,
                0.0,
                0.6272291329625358,
                -1.9428902930940235e-16,
                0.7788347801447144,
                0.0,
                2.6951799392700195,
                59.90039825439453,
                4.468719959259033,
                1.0
            ],
            "parent": "L_eyebrowMain_JNT",
            "isJoint": true,
            "isLocator": false,
            "isCurve": false,
            "isSurface": false,
            "children": []
        },
        "L_eyebrow08_JNT": {
            "joint_matrix": [
                0.6390193830830995,
                -0.4905238046597624,
                -0.5924868142888974,
                0.0,
                0.35970188446816154,
                0.8714277922249848,
                -0.3335088563260984,
                0.0,
                0.6799035095909923,
                -5.551115123125783e-16,
                0.7333015871016859,
                0.0,
                2.898819923400879,
                59.764400482177734,
                4.304719924926758,
                1.0
            ],
            "parent": "L_eyebrowMain_JNT",
            "isJoint": true,
            "isLocator": false,
            "isCurve": false,
            "isSurface": false,
            "children": []
        },
        "L_eyebrow09_JNT": {
            "joint_matrix": [
                0.5803338214848357,
                -0.5015060648443016,
                -0.6416418958930208,
                0.0,
                0.3364035625023073,
                0.8651541289992108,
                -0.37194216783173845,
                0.0,
                0.7416503885096826,
                8.326672684688672e-17,
                0.6707866286856328,
                0.0,
                3.073230028152466,
                59.63051986694336,
                4.143010139465332,
                1.0
            ],
            "parent": "L_eyebrowMain_JNT",
            "isJoint": true,
            "isLocator": false,
            "isCurve": false,
            "isSurface": false,
            "children": []
        },
        "L_eyebrow10_JNT": {
            "joint_matrix": [
                0.5094192919607754,
                -0.5573778926871419,
                -0.6556080152971159,
                0.0,
                0.3419885561529737,
                0.8302589263257825,
                -0.44012946131424036,
                0.0,
                0.7896428385280188,
                4.996003610813205e-16,
                0.6135667751446564,
                0.0,
                3.213979959487915,
                59.508888244628906,
                3.9873909950256348,
                1.0
            ],
            "parent": "L_eyebrowMain_JNT",
            "isJoint": true,
            "isLocator": false,
            "isCurve": false,
            "isSurface": false,
            "children": []
        },
        "L_eyebrow11_JNT": {
            "joint_matrix": [
                0.46008916309309345,
                -0.5651320984747296,
                -0.6847946212389854,
                0.0,
                0.31516487074504124,
                0.8250004310747654,
                -0.4690899625601819,
                0.0,
                0.8300536526349115,
                3.608224830031759e-16,
                0.5576835426542921,
                0.0,
                3.328350067138672,
                59.383750915527344,
                3.8401999473571777,
                1.0
            ],
            "parent": "L_eyebrowMain_JNT",
            "isJoint": true,
            "isLocator": false,
            "isCurve": false,
            "isSurface": false,
            "children": []
        },
        "L_eyebrow12_JNT": {
            "joint_matrix": [
                0.46008916309309345,
                -0.5651320984747296,
                -0.6847946212389854,
                0.0,
                0.31516487074504124,
                0.8250004310747654,
                -0.4690899625601819,
                0.0,
                0.8300536526349115,
                3.608224830031759e-16,
                0.5576835426542921,
                0.0,
                3.4334700107574463,
                59.25463104248047,
                3.6837399005889893,
                1.0
            ],
            "parent": "L_eyebrowMain_JNT",
            "isJoint": true,
            "isLocator": false,
            "isCurve": false,
            "isSurface": false,
            "children": []
        },
        "L_eyebrowMain_JNT": {
            "joint_matrix": [
                1.0,
                0.0,
                0.0,
                0.0,
                0.0,
                1.0,
                0.0,
                0.0,
                0.0,
                0.0,
                1.0,
                0.0,
                2.188157558441162,
                59.6687126159668,
                4.468366622924805,
                1.0
            ],
            "parent": "C_guides_GRP",
            "isJoint": true,
            "isLocator": false,
            "isCurve": false,
            "isSurface": false,
            "children": [
                "L_eyebrow00_JNT",
                "L_eyebrow01_JNT",
                "L_eyebrow02_JNT",
                "L_eyebrow03_JNT",
                "L_eyebrow04_JNT",
                "L_eyebrow05_JNT",
                "L_eyebrow06_JNT",
                "L_eyebrow07_JNT",
                "L_eyebrow08_JNT",
                "L_eyebrow09_JNT",
                "L_eyebrow10_JNT",
                "L_eyebrow11_JNT",
                "L_eyebrow12_JNT"
            ]
        },
        "R_eyebrow00_JNT": {
            "joint_matrix": [
                -0.9306610921543877,
                0.3442765698857085,
                -0.12386918494013378,
                0.0,
                0.34126705102530247,
                0.9388682779962964,
                0.045421982087561395,
                0.0,
                0.1319345725520639,
                -3.261280134836398e-16,
                -0.9912584267311447,
                0.0,
                -0.8837899999999992,
                59.5657,
                5.17737,
                1.0
            ],
            "parent": "R_eyebrowMain_JNT",
            "isJoint": true,
            "isLocator": false,
            "isCurve": false,
            "isSurface": false,
            "children": []
        },
        "R_eyebrow01_JNT": {
            "joint_matrix": [
                -0.9091164184659664,
                0.38931534157987574,
                -0.14812461809624605,
                0.0,
                0.3842484272480667,
                0.9211045352241757,
                0.06260655993458304,
                0.0,
                0.16081195177287438,
                -5.551115123125783e-17,
                -0.9869850638013722,
                0.0,
                -1.0424699999999993,
                59.6244,
                5.15625,
                1.0
            ],
            "parent": "R_eyebrowMain_JNT",
            "isJoint": true,
            "isLocator": false,
            "isCurve": false,
            "isSurface": false,
            "children": []
        },
        "R_eyebrow02_JNT": {
            "joint_matrix": [
                -0.9220980252158903,
                0.31820971165033324,
                -0.2201767728539211,
                0.0,
                0.30950870144151893,
                0.948020347572462,
                0.07390388569333103,
                0.0,
                0.23224899488467135,
                4.163336342344338e-17,
                -0.9726563650000241,
                0.0,
                -1.25894,
                59.7171,
                5.12098,
                1.0
            ],
            "parent": "R_eyebrowMain_JNT",
            "isJoint": true,
            "isLocator": false,
            "isCurve": false,
            "isSurface": false,
            "children": []
        },
        "R_eyebrow03_JNT": {
            "joint_matrix": [
                -0.9346805748229374,
                0.1581197282660346,
                -0.318387145754565,
                0.0,
                0.1496743497746385,
                0.9874199468985196,
                0.0509846789385183,
                0.0,
                0.3224435021336333,
                -3.7470027081099033e-16,
                -0.9465887110735041,
                0.0,
                -1.5316200000000002,
                59.8112,
                5.05587,
                1.0
            ],
            "parent": "R_eyebrowMain_JNT",
            "isJoint": true,
            "isLocator": false,
            "isCurve": false,
            "isSurface": false,
            "children": []
        },
        "R_eyebrow04_JNT": {
            "joint_matrix": [
                -0.9065027559777505,
                0.14416150035515823,
                -0.39682516958995,
                0.0,
                0.13206229725390128,
                0.9895541732595289,
                0.05781079335792333,
                0.0,
                0.4010140933293556,
                -3.122502256758253e-17,
                -0.9160718841615187,
                0.0,
                -1.8319099999999993,
                59.862,
                4.95358,
                1.0
            ],
            "parent": "R_eyebrowMain_JNT",
            "isJoint": true,
            "isLocator": false,
            "isCurve": false,
            "isSurface": false,
            "children": []
        },
        "R_eyebrow05_JNT": {
            "joint_matrix": [
                -0.8641062486924668,
                0.11168173510247259,
                -0.490762244895768,
                0.0,
                0.09711241788750313,
                0.9937440264195309,
                0.05515422239087252,
                0.0,
                0.4938517685122486,
                -5.898059818321144e-17,
                -0.8695461061596012,
                0.0,
                -2.11739,
                59.9074,
                4.82861,
                1.0
            ],
            "parent": "R_eyebrowMain_JNT",
            "isJoint": true,
            "isLocator": false,
            "isCurve": false,
            "isSurface": false,
            "children": []
        },
        "R_eyebrow06_JNT": {
            "joint_matrix": [
                -0.815419792177319,
                -0.14500848247983705,
                -0.5604133318671074,
                0.0,
                -0.11950591494313603,
                0.9894304119082326,
                -0.08213279664487962,
                0.0,
                0.5663999459914362,
                2.636779683484747e-16,
                -0.8241305122253988,
                0.0,
                -2.4292,
                59.9477,
                4.65152,
                1.0
            ],
            "parent": "R_eyebrowMain_JNT",
            "isJoint": true,
            "isLocator": false,
            "isCurve": false,
            "isSurface": false,
            "children": []
        },
        "R_eyebrow07_JNT": {
            "joint_matrix": [
                -0.6909554582430509,
                -0.4614512979819872,
                -0.5564559769783003,
                0.0,
                -0.35939436082893567,
                0.8871655423824458,
                -0.28943564710246317,
                0.0,
                0.6272290236655956,
                8.049116928532383e-16,
                -0.7788348681662267,
                0.0,
                -2.69518,
                59.9004,
                4.46872,
                1.0
            ],
            "parent": "R_eyebrowMain_JNT",
            "isJoint": true,
            "isLocator": false,
            "isCurve": false,
            "isSurface": false,
            "children": []
        },
        "R_eyebrow08_JNT": {
            "joint_matrix": [
                -0.6389965953213418,
                -0.4905776280805591,
                -0.5924668277588089,
                0.0,
                -0.35974103276440567,
                0.871397493011572,
                -0.3335457967337411,
                0.0,
                0.6799042142194239,
                2.4980018054066027e-16,
                -0.73330093378276,
                0.0,
                -2.89882,
                59.7644,
                4.30472,
                1.0
            ],
            "parent": "R_eyebrowMain_JNT",
            "isJoint": true,
            "isLocator": false,
            "isCurve": false,
            "isSurface": false,
            "children": []
        },
        "R_eyebrow09_JNT": {
            "joint_matrix": [
                -0.5803706412156076,
                -0.5014072466914258,
                -0.6416858201490104,
                0.0,
                -0.3363363497669289,
                0.8652114036264915,
                -0.37186971758955356,
                0.0,
                0.7416520603628379,
                1.1102230246251568e-16,
                -0.670784780208643,
                0.0,
                -3.07323,
                59.6305,
                4.14301,
                1.0
            ],
            "parent": "R_eyebrowMain_JNT",
            "isJoint": true,
