{
    "spot": {
        "C_throat_JNT": {
            "joint_matrix": [
                1.0,
                0.0,
                0.0,
                0.0,
                0.0,
                1.0,
                0.0,
                0.0,
                0.0,
                0.0,
                1.0,
                0.0,
                -0.0006600046181119978,
                168.0992431640625,
                4.460040092468262,
                1.0
            ],
            "parent": "C_guides_GRP",
            "isLocator": false,
            "children": []
        },
        "R_pinky04End_JNT": {
            "joint_matrix": [
                0.7452212350824158,
                0.5546587961010994,
                0.3701336659774653,
                0.0,
                0.3508706838777089,
                -0.7981888911483117,
                0.48967770752058676,
                0.0,
                0.5670406281541275,
                -0.2350491734831407,
                -0.7894408223973884,
                0.0,
                -64.9203,
                108.441,
                27.328599999999994,
                1.0
            ],
            "parent": "R_pinky03_JNT",
            "isLocator": false,
            "children": []
        },
        "R_pinky03_JNT": {
            "joint_matrix": [
                0.4647431915747439,
                0.634053090695824,
                -0.6180537549954649,
                0.0,
                0.8524555141393876,
                -0.509154103893987,
                0.11866631746735568,
                0.0,
                -0.23944386043136104,
                -0.5820126945926388,
                -0.7771279566678467,
                0.0,
                -63.831000000000024,
                109.92700000000002,
                25.88,
                1.0
            ],
            "parent": "R_pinky02_JNT",
            "isLocator": false,
            "children": [
                "R_pinky04End_JNT"
            ]
        },
        "R_pinky02_JNT": {
            "joint_matrix": [
                0.4738200842898616,
                0.5889401467099127,
                -0.6547091196224895,
                0.0,
                0.8280076383615166,
                -0.5510782734302844,
                0.10351853635016614,
                0.0,
                -0.29982974925536077,
                -0.5911533135713639,
                -0.7487588939806086,
                0.0,
                -62.621500000000026,
                111.42999999999995,
                24.208800000000018,
                1.0
            ],
            "parent": "R_pinky01_JNT",
            "isLocator": false,
            "children": [
                "R_pinky03_JNT",
                "R_pinky04End_JNT"
            ]
        },
        "R_pinky01_JNT": {
            "joint_matrix": [
                0.4860209476608707,
                0.628493782273401,
                -0.6072719358561732,
                0.0,
                0.8438152486748444,
                -0.5183554695897996,
                0.1388648020563485,
                0.0,
                -0.22750706481039176,
                -0.5799165222598965,
                -0.7822642537348534,
                0.0,
                -61.392799999999994,
                113.01900000000002,
                22.67349999999997,
                1.0
            ],
            "parent": "R_pinky00_JNT",
            "isLocator": false,
            "children": [
                "R_pinky02_JNT",
                "R_pinky03_JNT",
                "R_pinky04End_JNT"
            ]
        },
        "R_pinky00_JNT": {
            "joint_matrix": [
                0.4860209476608707,
                0.628493782273401,
                -0.6072719358561732,
                0.0,
                0.8438152486748444,
                -0.5183554695897996,
                0.1388648020563485,
                0.0,
                -0.22750706481039176,
                -0.5799165222598965,
                -0.7822642537348534,
                0.0,
                -58.2551,
                117.077,
                18.7531,
                1.0
            ],
            "parent": "C_guides_GRP",
            "isLocator": false,
            "children": [
                "R_pinky01_JNT",
                "R_pinky02_JNT",
                "R_pinky03_JNT",
                "R_pinky04End_JNT"
            ]
        },
        "R_ring04End_JNT": {
            "joint_matrix": [
                0.4439919714741641,
                0.5987376212642275,
                -0.6666216244237351,
                0.0,
                0.6446032629048193,
                -0.7301923550567585,
                -0.22650774394957082,
                0.0,
                -0.6223807216800222,
                -0.3291388544361157,
                -0.7101477675678038,
                0.0,
                -65.12089999999996,
                108.024,
                31.03169999999998,
                1.0
            ],
            "parent": "R_ring03_JNT",
            "isLocator": false,
            "children": []
        },
        "R_ring03_JNT": {
            "joint_matrix": [
                0.4439919714741641,
                0.5987376212642275,
                -0.6666216244237351,
                0.0,
                0.6446032629048193,
                -0.7301923550567585,
                -0.22650774394957082,
                0.0,
                -0.6223807216800222,
                -0.3291388544361157,
                -0.7101477675678038,
                0.0,
                -63.82150000000001,
                109.77700000000002,
                29.080700000000014,
                1.0
            ],
            "parent": "R_ring02_JNT",
            "isLocator": false,
            "children": [
                "R_ring04End_JNT"
            ]
        },
        "R_ring02_JNT": {
            "joint_matrix": [
                0.42926662341112587,
                0.6151351141906036,
                -0.6613160797341339,
                0.0,
                0.6545016449988993,
                -0.7164331132703136,
                -0.24155991162347334,
                0.0,
                -0.6223807216800222,
                -0.3291388544361157,
                -0.7101477675678038,
                0.0,
                -62.459599999999945,
                111.72799999999992,
                26.982699999999948,
                1.0
            ],
            "parent": "R_ring01_JNT",
            "isLocator": false,
            "children": [
                "R_ring03_JNT",
                "R_ring04End_JNT"
            ]
        },
        "R_ring01_JNT": {
            "joint_matrix": [
                0.43422414533033915,
                0.6096772109316395,
                -0.663131276658516,
                0.0,
                0.651223179020212,
                -0.7210834299656996,
                -0.23653130476896775,
                0.0,
                -0.6223807216800222,
                -0.3291388544361157,
                -0.7101477675678038,
                0.0,
                -60.79749999999998,
                114.06200000000001,
                24.444299999999963,
                1.0
            ],
            "parent": "R_ring00_JNT",
            "isLocator": false,
            "children": [
                "R_ring02_JNT",
                "R_ring03_JNT",
                "R_ring04End_JNT"
            ]
        },
        "R_ring00_JNT": {
            "joint_matrix": [
                0.43422414533033915,
                0.6096772109316395,
                -0.663131276658516,
                0.0,
                0.651223179020212,
                -0.7210834299656996,
                -0.23653130476896775,
                0.0,
                -0.6223807216800222,
                -0.3291388544361157,
                -0.7101477675678038,
                0.0,
                -58.1247,
                117.815,
                20.3626,
                1.0
            ],
            "parent": "C_guides_GRP",
            "isLocator": false,
            "children": [
                "R_ring01_JNT",
                "R_ring02_JNT",
                "R_ring03_JNT",
                "R_ring04End_JNT"
            ]
        },
        "R_wrist_JNT": {
            "joint_matrix": [
                0.5217748775493616,
                0.5577758195596266,
                -0.6454743312269944,
                0.0,
                0.7307008718636028,
                -0.6826973760803803,
                0.0007270149480775416,
                0.0,
                -0.4402581208974112,
                -0.4720279947286503,
                -0.7637816174642656,
                0.0,
                -52.824200000000204,
                120.79700000000004,
                15.094800000000022,
                1.0
            ],
            "parent": "R_elbow_JNT",
            "isLocator": false,
            "children": []
        },
        "R_elbow_JNT": {
            "joint_matrix": [
                0.5217748775493616,
                0.5577758195596266,
                -0.6454743312269944,
                0.0,
                0.7307008718636028,
                -0.6826973760803803,
                0.0007270149480775416,
                0.0,
                -0.4402581208974112,
                -0.4720279947286503,
                -0.7637816174642656,
                0.0,
                -39.06139999999999,
                135.509,
                -1.930870000000004,
                1.0
            ],
            "parent": "R_shoulder_JNT",
            "isLocator": false,
            "children": [
                "R_wrist_JNT"
            ]
        },
        "R_shoulder_JNT": {
            "joint_matrix": [
                0.6823357823112295,
                0.7302783508636839,
                -0.033337822927429345,
                0.0,
                0.7307008718636028,
                -0.6826973760803803,
                0.0007270149480775416,
                0.0,
                -0.022228720959453042,
                -0.02485604459245547,
                -0.9994438758688378,
                0.0,
                -17.5216,
                158.563,
                -2.98327,
                1.0
            ],
            "parent": "C_guides_GRP",
            "isLocator": false,
            "children": [
                "R_elbow_JNT",
                "R_wrist_JNT"
            ]
        },
        "C_neck04_JNT": {
            "joint_matrix": [
                1.0,
                0.0,
                0.0,
                0.0,
                0.0,
                1.0,
                0.0,
                0.0,
                0.0,
                0.0,
                1.0,
                0.0,
                0.0,
                174.63874295161023,
                -1.3717002402884306,
                1.0
            ],
            "parent": "C_neck03_JNT",
            "isLocator": false,
            "children": []
        },
        "C_neck03_JNT": {
            "joint_matrix": [
                1.0,
                0.0,
                0.0,
                0.0,
                0.0,
                1.0,
                0.0,
                0.0,
                0.0,
                0.0,
                1.0,
                0.0,
                0.0,
                171.63874295161023,
                -1.3717002402884306,
                1.0
            ],
            "parent": "C_neck02_JNT",
            "isLocator": false,
            "children": [
                "C_neck04_JNT"
            ]
        },
        "C_neck02_JNT": {
            "joint_matrix": [
                1.0,
                0.0,
                0.0,
                0.0,
                0.0,
                1.0,
                0.0,
                0.0,
                0.0,
                0.0,
                1.0,
                0.0,
                0.0,
                168.63874295161023,
                -1.3717002402884306,
                1.0
            ],
            "parent": "C_neck01_JNT",
            "isLocator": false,
            "children": [
                "C_neck03_JNT",
                "C_neck04_JNT"
            ]
        },
        "C_neck01_JNT": {
            "joint_matrix": [
                1.0,
                0.0,
                0.0,
                0.0,
                0.0,
                1.0,
                0.0,
                0.0,
                0.0,
                0.0,
                1.0,
                0.0,
                0.0,
                165.63874295161023,
                -1.3717002402884306,
                1.0
            ],
            "parent": "C_neck00_JNT",
            "isLocator": false,
            "children": [
                "C_neck02_JNT",
                "C_neck03_JNT",
                "C_neck04_JNT"
            ]
        },
        "C_neck00_JNT": {
            "joint_matrix": [
                1.0,
                0.0,
                0.0,
                0.0,
                0.0,
                1.0,
                0.0,
                0.0,
                0.0,
                0.0,
                1.0,
                0.0,
                0.0,
                162.63874295161023,
                -1.3717002402884306,
                1.0
            ],
            "parent": "C_guides_GRP",
            "isLocator": false,
            "children": [
                "C_neck01_JNT",
                "C_neck02_JNT",
                "C_neck03_JNT",
                "C_neck04_JNT"
            ]
        },
        "C_spine07_JNT": {
            "joint_matrix": [
                1.0,
                0.0,
                0.0,
                0.0,
                0.0,
                1.0,
                0.0,
                0.0,
                0.0,
                0.0,
                1.0,
                0.0,
                0.0,
                141.90343262335352,
                1.9109226946841007,
                1.0
            ],
            "parent": "C_spine06_JNT",
            "isLocator": false,
            "children": []
        },
        "C_spine06_JNT": {
            "joint_matrix": [
                1.0,
                0.0,
                0.0,
                0.0,
                0.0,
                1.0,
                0.0,
                0.0,
                0.0,
                0.0,
                1.0,
                0.0,
                0.0,
                137.90343262335352,
                1.9109226946841007,
                1.0
            ],
            "parent": "C_spine05_JNT",
            "isLocator": false,
            "children": [
                "C_spine07_JNT"
            ]
        },
        "C_spine05_JNT": {
            "joint_matrix": [
                1.0,
                0.0,
                0.0,
                0.0,
                0.0,
                1.0,
                0.0,
                0.0,
                0.0,
                0.0,
                1.0,
                0.0,
                0.0,
                133.90343262335352,
                1.9109226946841007,
                1.0
            ],
            "parent": "C_spine04_JNT",
            "isLocator": false,
            "children": [
                "C_spine06_JNT",
                "C_spine07_JNT"
            ]
        },
        "C_spine04_JNT": {
            "joint_matrix": [
                1.0,
                0.0,
                0.0,
                0.0,
                0.0,
                1.0,
                0.0,
                0.0,
                0.0,
                0.0,
                1.0,
                0.0,
                0.0,
                129.90343262335352,
                1.9109226946841007,
                1.0
            ],
            "parent": "C_spine03_JNT",
            "isLocator": false,
            "children": [
                "C_spine05_JNT",
                "C_spine06_JNT",
                "C_spine07_JNT"
            ]
        },
        "C_spine03_JNT": {
            "joint_matrix": [
                1.0,
                0.0,
                0.0,
                0.0,
                0.0,
                1.0,
                0.0,
                0.0,
                0.0,
                0.0,
                1.0,
                0.0,
                0.0,
                125.90343262335351,
                1.9109226946841007,
                1.0
            ],
            "parent": "C_spine02_JNT",
            "isLocator": false,
            "children": [
                "C_spine04_JNT",
                "C_spine05_JNT",
                "C_spine06_JNT",
                "C_spine07_JNT"
            ]
        },
        "C_spine02_JNT": {
            "joint_matrix": [
                1.0,
                0.0,
                0.0,
                0.0,
                0.0,
                1.0,
                0.0,
                0.0,
                0.0,
                0.0,
                1.0,
                0.0,
                0.0,
                121.90343262335351,
                1.9109226946841007,
                1.0
            ],
            "parent": "C_spine01_JNT",
            "isLocator": false,
            "children": [
                "C_spine03_JNT",
                "C_spine04_JNT",
                "C_spine05_JNT",
                "C_spine06_JNT",
                "C_spine07_JNT"
            ]
        },
        "C_spine01_JNT": {
            "joint_matrix": [
                1.0,
                0.0,
                0.0,
                0.0,
                0.0,
                1.0,
                0.0,
                0.0,
                0.0,
                0.0,
                1.0,
                0.0,
                0.0,
                117.90343262335351,
                1.9109226946841007,
                1.0
            ],
            "parent": "C_spine00_JNT",
            "isLocator": false,
            "children": [
                "C_spine02_JNT",
                "C_spine03_JNT",
                "C_spine04_JNT",
                "C_spine05_JNT",
                "C_spine06_JNT",
                "C_spine07_JNT"
            ]
        },
        "C_spine00_JNT": {
            "joint_matrix": [
                1.0,
                0.0,
                0.0,
                0.0,
                0.0,
                1.0,
                0.0,
                0.0,
                0.0,
                0.0,
                1.0,
                0.0,
                0.0,
                113.90343262335351,
                1.9109226946841007,
                1.0
            ],
            "parent": "C_guides_GRP",
            "isLocator": false,
            "children": [
                "C_spine01_JNT",
                "C_spine02_JNT",
                "C_spine03_JNT",
                "C_spine04_JNT",
                "C_spine05_JNT",
                "C_spine06_JNT",
                "C_spine07_JNT"
            ]
        },
        "L_tip_JNT": {
            "joint_matrix": [
                0.99984071148527,
                0.017847457884946554,
                0.00014108038106021292,
                0.0,
                -0.01784328649596222,
                0.9993626169929031,
                0.030918875854705707,
                0.0,
                0.00041083287584410544,
                -0.030916468170552137,
                0.9995218873102316,
                0.0,
                13.005787957373194,
                1.5595292431601115,
                17.690225464578873,
                1.0
            ],
            "parent": "L_ball_JNT",
            "isLocator": false,
            "children": []
        },
        "L_ball_JNT": {
            "joint_matrix": [
                0.11125956544013754,
                -0.0303742654293179,
                0.9933270927029529,
                0.0,
                0.003380987574934222,
                0.9995385955527825,
                0.030185508499755046,
                0.0,
                -0.9937856298121288,
                1.8920341518349387e-15,
                0.11131092479586228,
                0.0,
                11.457308327938964,
                1.9822698056480448,
                3.865375777895153,
                1.0
            ],
            "parent": "L_ankle_JNT",
            "isLocator": false,
            "children": [
                "L_tip_JNT"
            ]
        },
        "L_ankle_JNT": {
            "joint_matrix": [
                0.055029144056132434,
                -0.6969621944378763,
                0.7149933515976139,
                0.0,
                0.05348321294161579,
                0.7171078716095226,
                0.6949070775356241,
                0.0,
                -0.9970513222687641,
                9.107298248878237e-16,
                0.07673760982796372,
                0.0,
                10.819761398488726,
                10.057011192748412,
                -4.418267802375725,
                1.0
            ],
            "parent": "L_knee_JNT",
            "isLocator": false,
            "children": [
                "L_ball_JNT",
                "L_tip_JNT"
            ]
        },
        "L_knee_JNT": {
            "joint_matrix": [
                0.013199564113371334,
                -0.9933659518445488,
                -0.11423597166913084,
                0.0,
                0.0015178010988447506,
                -0.11422588805964612,
                0.9934536439999652,
                0.0,
                -0.9999117299977239,
                -0.01328654255096692,
                4.1454166488374986e-13,
                0.0,
                10.190779949264618,
                57.3925709608274,
                1.0252685444941545,
                1.0
            ],
            "parent": "L_hip_JNT",
            "isLocator": false,
            "children": [
                "L_ankle_JNT",
                "L_ball_JNT",
                "L_tip_JNT"
            ]
        },
        "L_hip_JNT": {
            "joint_matrix": [
                0.01784963889452551,
                -0.9998406825046353,
                0.0,
                0.0,
                0.0,
                0.0,
                1.0,
                0.0,
                -0.9998406825046353,
                -0.017849638894525507,
                0.0,
                0.0,
                9.366703850823004,
                103.55287782027347,
                1.0252685444941507,
                1.0
            ],
            "parent": "C_guides_GRP",
            "isLocator": false,
            "children": [
                "L_knee_JNT",
                "L_ankle_JNT",
                "L_ball_JNT",
                "L_tip_JNT"
            ]
        },
        "L_wrist_JNT": {
            "joint_matrix": [
                0.521774877549369,
                -0.5577758195596196,
                0.6454743312269944,
                0.0,
                0.730700871863603,
                0.6826973760803798,
                -0.0007270149480939382,
                0.0,
                -0.4402581208974019,
                0.4720279947286592,
                0.7637816174642654,
                0.0,
                52.82422589549268,
                120.79689844450962,
                15.094795659059782,
                1.0
            ],
            "parent": "L_elbow_JNT",
            "isLocator": false,
            "children": []
        },
        "L_elbow_JNT": {
            "joint_matrix": [
                0.521774877549369,
                -0.5577758195596196,
                0.6454743312269944,
                0.0,
                0.730700871863603,
                0.6826973760803798,
                -0.0007270149480939382,
                0.0,
                -0.4402581208974019,
                0.4720279947286592,
                0.7637816174642654,
                0.0,
                39.06137718003754,
                135.50934350854368,
                -1.930871832082145,
                1.0
            ],
            "parent": "L_shoulder_JNT",
            "isLocator": false,
            "children": [
                "L_wrist_JNT"
            ]
        },
        "L_shoulder_JNT": {
            "joint_matrix": [
                0.6823357823112296,
                -0.7302783508636839,
                0.0333378229274293,
                0.0,
                0.730700871863603,
                0.6826973760803798,
                -0.0007270149480939382,
                0.0,
                -0.022228720959441024,
                0.024856044592466642,
                0.9994438758688377,
                0.0,
                17.52160130756999,
                158.5625563253149,
                -2.983270449520178,
                1.0
            ],
            "parent": "C_guides_GRP",
            "isLocator": false,
            "children": [
                "L_elbow_JNT",
                "L_wrist_JNT"
            ]
        },
        "L_clavicle_JNT": {
            "joint_matrix": [
                1.0,
                0.0,
                0.0,
                0.0,
                0.0,
                1.0,
                0.0,
                0.0,
                0.0,
                0.0,
                1.0,
                0.0,
                3.22843709575584,
                159.54572230183192,
                -2.9271919544201896,
                1.0
            ],
            "parent": "C_guides_GRP",
            "isLocator": false,
            "children": []
        },
        "R_clavicle_JNT": {
            "joint_matrix": [
                1.0,
                0.0,
                0.0,
                0.0,
                0.0,
                -1.0,
                -1.2246467991473532e-16,
                0.0,
                0.0,
                1.2246467991473532e-16,
                -1.0,
                0.0,
                -3.228,
                159.546,
                -2.927,
                1.0
            ],
            "parent": "C_guides_GRP",
            "isLocator": false,
            "children": []
        },
        "L_thumb03End_JNT": {
            "joint_matrix": [
                1.0000000000000002,
                4.135184308687143e-17,
                1.3877787807814457e-16,
                0.0,
                -4.163336342344337e-17,
                1.0,
                1.304512053934559e-15,
                0.0,
                -1.1102230246251565e-16,
                -1.220856667447376e-15,
                1.0000000000000004,
                0.0,
                50.37925720214843,
                116.39308929443357,
                33.542930603027386,
                1.0
            ],
            "parent": "L_thumb02_JNT",
            "isLocator": false,
            "children": []
        },
        "L_thumb02_JNT": {
            "joint_matrix": [
                -0.21832751323659375,
                -0.1578005967383148,
                0.963032745358618,
                0.0,
                -0.0348893404938764,
                0.9874709978875491,
                0.15389529638969035,
                0.0,
                -0.9752516756631734,
                2.4931288306476093e-16,
                -0.2210976461117862,
                0.0,
                51.22600936889646,
                117.00509643554696,
                29.80794525146485,
                1.0
            ],
            "parent": "L_thumb01_JNT",
            "isLocator": false,
            "children": [
                "L_thumb03End_JNT"
            ]
        },
        "L_thumb01_JNT": {
            "joint_matrix": [
                -0.31598668451414097,
                -0.36360508699086425,
                0.8763240016820987,
                0.0,
                -0.12333634566516828,
                0.9315531872707893,
                0.3420479573445749,
                0.0,
                -0.9407127941341731,
                -3.0113967509860313e-16,
                -0.3392041257889961,
                0.0,
                52.50687789916988,
                118.47898864746085,
                26.255720138549783,
                1.0
            ],
            "parent": "L_thumb00_JNT",
            "isLocator": false,
            "children": [
                "L_thumb02_JNT",
                "L_thumb03End_JNT"
            ]
        },
        "L_thumb00_JNT": {
            "joint_matrix": [
                0.04317723174907051,
                -0.20026377462896797,
                0.9787901446325689,
                0.0,
                0.008825624761342772,
                0.9797420173552617,
                0.20006920746635162,
                0.0,
                -0.999028445543999,
                -5.551115123125784e-17,
                0.04407000106581538,
                0.0,
                52.31538391113281,
                119.36717224121094,
                21.914718627929688,
                1.0
            ],
            "parent": "C_guides_GRP",
            "isLocator": false,
            "children": [
                "L_thumb01_JNT",
                "L_thumb02_JNT",
                "L_thumb03End_JNT"
            ]
        },
        "L_index04End_JNT": {
            "joint_matrix": [
                0.9453947367492821,
                -0.27191279549381586,
                -0.17970037110004633,
                0.0,
                0.23973048474734374,
                0.9536619572888877,
                -0.1818190471395431,
                0.0,
                0.22081233301054487,
                0.1288111131334019,
                0.9667727813316707,
                0.0,
                62.278857195311424,
                109.99943262091905,
                35.289639816101705,
                1.0
            ],
            "parent": "L_index03_JNT",
            "isLocator": false,
            "children": []
        },
        "L_index03_JNT": {
            "joint_matrix": [
                0.5021616014969268,
                -0.6039137714866033,
                0.6189684019324966,
                0.0,
                0.6379361840500246,
                0.7419317346129551,
                0.20633643947181216,
                0.0,
                -0.5838417174729255,
                0.29124810348401975,
                0.7578280749320564,
                0.0,
                60.67386010731256,
                111.9296475990237,
                33.31130758260651,
                1.0
            ],
            "parent": "L_index02_JNT",
            "isLocator": false,
            "children": [
                "L_index04End_JNT"
            ]
        },
        "L_index02_JNT": {
            "joint_matrix": [
                0.45288006143791815,
                -0.5856912833081973,
                0.6722093205310267,
                0.0,
                0.6082945059009395,
                0.7541989926103614,
                0.24730886283400402,
                0.0,
                -0.6518262376145347,
                0.2968999835000215,
                0.6978344759002433,
                0.0,
                59.2554473876953,
                113.7640228271484,
                31.205959320068338,
                1.0
            ],
            "parent": "L_index01_JNT",
            "isLocator": false,
            "children": [
                "L_index03_JNT",
                "L_index04End_JNT"
            ]
        },
        "L_index01_JNT": {
            "joint_matrix": [
                0.4313141590355647,
                -0.5561172810931624,
                0.7104235820163857,
                0.0,
                0.5770539457728566,
                0.7753490078653377,
                0.2565982456491346,
                0.0,
                -0.6935249381842162,
                0.2992782746404842,
                0.6553286766537797,
                0.0,
                57.5346145629883,
                115.98278808593753,
                28.371551513671836,
                1.0
            ],
            "parent": "L_index00_JNT",
            "isLocator": false,
            "children": [
                "L_index02_JNT",
                "L_index03_JNT",
                "L_index04End_JNT"
            ]
        },
        "L_index00_JNT": {
            "joint_matrix": [
                0.4313141590355647,
                -0.5561172810931624,
                0.7104235820163857,
                0.0,
                0.5770539457728566,
                0.7753490078653377,
                0.2565982456491346,
                0.0,
                -0.6935249381842162,
                0.2992782746404842,
                0.6553286766537797,
                0.0,
                54.33184130114407,
                120.11230139085039,
                23.096218892657564,
                1.0
            ],
            "parent": "C_guides_GRP",
            "isLocator": false,
            "children": [
                "L_index01_JNT",
                "L_index02_JNT",
                "L_index03_JNT",
                "L_index04End_JNT"
            ]
        },
        "L_middle04End_JNT": {
            "joint_matrix": [
                0.9301830314419914,
                -0.3073083851565195,
                -0.20080110664505763,
                0.0,
                0.25984392620426644,
                0.937570217092452,
                -0.23117790127078344,
                0.0,
                0.25930804467300883,
                0.16286081306964162,
                0.9519641240793457,
                0.0,
                64.66645397222152,
                108.7876568724259,
                34.109334147368514,
                1.0
            ],
            "parent": "L_middle03_JNT",
            "isLocator": false,
            "children": []
        },
        "L_middle03_JNT": {
            "joint_matrix": [
                0.5046199204991701,
                -0.527351640007775,
                0.6835634452020682,
                0.0,
                0.6127797668673226,
                0.7765183074690942,
                0.1466979055179834,
                0.0,
                -0.6081609105766673,
                0.3448471631700678,
                0.7149970216022691,
                0.0,
                62.85121858223566,
                110.68466355215068,
                31.650397219543752,
                1.0
            ],
            "parent": "L_middle02_JNT",
            "isLocator": false,
            "children": [
                "L_middle04End_JNT"
            ]
        },
        "L_middle02_JNT": {
            "joint_matrix": [
                0.4547586017542427,
                -0.5869072295485166,
                0.6698764946124104,
                0.0,
                0.6506419299254276,
                0.7325437447396855,
                0.20011182140411776,
                0.0,
                -0.6081609105766673,
                0.3448471631700678,
                0.7149970216022691,
                0.0,
                61.41269683837888,
                112.54120635986327,
                29.531400680541974,
                1.0
            ],
            "parent": "L_middle01_JNT",
            "isLocator": false,
            "children": [
                "L_middle03_JNT",
                "L_middle04End_JNT"
            ]
        },
        "L_middle01_JNT": {
            "joint_matrix": [
                0.4576980573363839,
                -0.5835865096152988,
                0.6707751293134927,
                0.0,
                0.648577516690996,
                0.7351919612241345,
                0.19707862642699614,
                0.0,
                -0.6081609105766673,
                0.3448471631700678,
                0.7149970216022691,
                0.0,
                59.503947910303154,
                114.97495084886162,
                26.734051448805957,
                1.0
            ],
            "parent": "L_middle00_JNT",
            "isLocator": false,
            "children": [
                "L_middle02_JNT",
                "L_middle03_JNT",
                "L_middle04End_JNT"
            ]
        },
        "L_middle00_JNT": {
            "joint_matrix": [
                0.4576980573363839,
                -0.5835865096152988,
                0.6707751293134927,
                0.0,
                0.6249458743794745,
                0.7477917321604364,
                0.22416551788481703,
                0.0,
                -0.6324200679979837,
                0.31659802764314066,
                0.7069728046296397,
                0.0,
                56.16318556597525,
                119.23457966906369,
                21.838028278938637,
                1.0
            ],
            "parent": "C_guides_GRP",
            "isLocator": false,
            "children": [
                "L_middle01_JNT",
                "L_middle02_JNT",
                "L_middle03_JNT",
                "L_middle04End_JNT"
            ]
        },
        "L_pinky04End_JNT": {
            "joint_matrix": [
                0.7452212350824159,
                -0.554658796101099,
                -0.3701336659774657,
                0.0,
                0.35087068387771303,
                0.7981888911483136,
                -0.4896777075205808,
                0.0,
                0.567040628154125,
                0.23504917348313464,
                0.7894408223973919,
                0.0,
                64.92028626058415,
                108.44069302060358,
                27.32862438837217,
                1.0
            ],
            "parent": "L_pinky03_JNT",
            "isLocator": false,
            "children": []
        },
        "L_pinky03_JNT": {
            "joint_matrix": [
                0.46474319157474453,
                -0.6340530906958253,
                0.6180537549954632,
                0.0,
                0.8524555141393866,
                0.5091541038939896,
                -0.11866631746735246,
                0.0,
                -0.2394438604313637,
                0.582012694592635,
                0.7771279566678485,
                0.0,
                63.83100501105458,
                109.92680869786814,
                25.88000851035004,
                1.0
            ],
            "parent": "L_pinky02_JNT",
            "isLocator": false,
            "children": [
                "L_pinky04End_JNT"
            ]
        },
        "L_pinky02_JNT": {
            "joint_matrix": [
                0.4738200842898611,
                -0.5889401467099122,
                0.65470911962249,
                0.0,
                0.8280076383615174,
                0.551078273430283,
                -0.1035185363501676,
                0.0,
                -0.2998297492553594,
                0.5911533135713655,
                0.7487588939806078,
                0.0,
                62.621543884277365,
                111.43012237548831,
                24.208814620971697,
                1.0
            ],
            "parent": "L_pinky01_JNT",
            "isLocator": false,
            "children": [
                "L_pinky03_JNT",
                "L_pinky04End_JNT"
            ]
        },
        "L_pinky01_JNT": {
            "joint_matrix": [
                0.4860209476608707,
                -0.628493782273401,
                0.6072719358561732,
                0.0,
                0.8438152486748444,
                0.5183554695897996,
                -0.1388648020563485,
                0.0,
                -0.22750706481039176,
                0.5799165222598965,
                0.7822642537348534,
                0.0,
                61.392814636230526,
                113.01904296874999,
                22.67354583740241,
                1.0
            ],
            "parent": "L_pinky00_JNT",
            "isLocator": false,
            "children": [
                "L_pinky02_JNT",
                "L_pinky03_JNT",
                "L_pinky04End_JNT"
            ]
        },
        "L_pinky00_JNT": {
            "joint_matrix": [
