{
    "freya": {
        "R_eyeEnd_JNT": {
            "joint_matrix": [
                1.0,
                0.0,
                0.0,
                0.0,
                0.0,
                1.0,
                0.0,
                0.0,
                0.0,
                0.0,
                1.0,
                0.0,
                -4.62647,
                138.928,
                8.63077,
                1.0
            ],
            "parent": "R_eye_JNT",
            "isLocator": false,
            "isJoint": true,
            "isCurve": false,
            "isSurface": false,
            "children": []
        },
        "R_eye_JNT": {
            "joint_matrix": [
                1.0,
                0.0,
                0.0,
                0.0,
                0.0,
                1.0,
                0.0,
                0.0,
                0.0,
                0.0,
                1.0,
                0.0,
                -4.62647,
                138.928,
                5.71275,
                1.0
            ],
            "parent": "C_guides_GRP",
            "isLocator": false,
            "isJoint": true,
            "isCurve": false,
            "isSurface": false,
            "children": [
                "R_eyeEnd_JNT"
            ]
        },
        "R_eyebrow00_JNT": {
            "joint_matrix": [
                -0.7717781620732141,
                0.6358838802056971,
                0.003187387870705245,
                0.0,
                0.6358784573615347,
                0.7717847438855906,
                -0.0026261319403664074,
                0.0,
                -0.004129892299628593,
                -6.083111445120969e-14,
                -0.999991471958433,
                0.0,
                -2.132750000000001,
                140.526,
                10.3481,
                1.0
            ],
            "parent": "R_eyebrowMain_JNT",
            "isLocator": false,
            "isJoint": true,
            "isCurve": false,
            "isSurface": false,
            "children": []
        },
        "R_eyebrow01_JNT": {
            "joint_matrix": [
                -0.8800764097802325,
                0.45974081960330293,
                -0.11875980691639562,
                0.0,
                0.45561130510571923,
                0.8880531396208694,
                0.061481378232598874,
                0.0,
                0.13373051861186905,
                3.910066714851723e-15,
                -0.9910177336414321,
                0.0,
                -3.1012900000000005,
                141.324,
                10.3521,
                1.0
            ],
            "parent": "R_eyebrowMain_JNT",
            "isLocator": false,
            "isJoint": true,
            "isCurve": false,
            "isSurface": false,
            "children": []
        },
        "R_eyebrow02_JNT": {
            "joint_matrix": [
                -0.9260841725638524,
                0.21951596916218657,
                -0.30688897766050605,
                0.0,
                0.20837270264951202,
                0.9756089069308387,
                0.06905126724218817,
                0.0,
                0.31456147589503497,
                1.9081958235744874e-15,
                -0.9492371030900222,
                0.0,
                -4.21732,
                141.907,
                10.2015,
                1.0
            ],
            "parent": "R_eyebrowMain_JNT",
            "isLocator": false,
            "isJoint": true,
            "isCurve": false,
            "isSurface": false,
            "children": []
        },
        "R_eyebrow03_JNT": {
            "joint_matrix": [
                -0.8920262324523589,
                0.09828860472890974,
                -0.441167259434893,
                0.0,
                0.08810261080650875,
                0.9951579523776335,
                0.04357269544832754,
                0.0,
                0.4433138059951741,
                -7.667477763817489e-16,
                -0.8963664816435704,
                0.0,
                -5.200290000000002,
                142.14,
                9.87576,
                1.0
            ],
            "parent": "R_eyebrowMain_JNT",
            "isLocator": false,
            "isJoint": true,
            "isCurve": false,
            "isSurface": false,
            "children": []
        },
        "R_eyebrow04_JNT": {
            "joint_matrix": [
                -0.8087845058602889,
                0.005943274050289111,
                -0.5880750807285506,
                0.0,
                0.0048069128627788,
                0.9999823385908189,
                0.003495153096288008,
                0.0,
                0.5880854671466196,
                5.360534065246282e-14,
                -0.808798790386671,
                0.0,
                -5.98079,
                142.226,
                9.48975,
                1.0
            ],
            "parent": "R_eyebrowMain_JNT",
            "isLocator": false,
            "isJoint": true,
            "isCurve": false,
            "isSurface": false,
            "children": []
        },
        "R_eyebrow05_JNT": {
            "joint_matrix": [
                -0.7242634397126931,
                -0.11554229262057303,
                -0.6797738215844443,
                0.0,
                -0.08424729939497592,
                0.9933025614665362,
                -0.07907220705577536,
                0.0,
                0.6843572622835177,
                1.47798440153224e-15,
                -0.7291468559623696,
                0.0,
                -6.66121,
                142.231,
                8.99501,
                1.0
            ],
            "parent": "R_eyebrowMain_JNT",
            "isLocator": false,
            "isJoint": true,
            "isCurve": false,
            "isSurface": false,
            "children": []
        },
        "R_eyebrow06_JNT": {
            "joint_matrix": [
                -0.6306567099362804,
                -0.2613015079684555,
                -0.7307486819322752,
                0.0,
                -0.17072293688154533,
                0.9652572309666534,
                -0.1978184948105933,
                0.0,
                0.7570507202525377,
                2.775557561562891e-16,
                -0.6533561103755852,
                0.0,
                -7.28178,
                142.132,
                8.41256,
                1.0
            ],
            "parent": "R_eyebrowMain_JNT",
            "isLocator": false,
            "isJoint": true,
            "isCurve": false,
            "isSurface": false,
            "children": []
        },
        "R_eyebrow07_JNT": {
            "joint_matrix": [
                -0.5299381482829879,
                -0.4335879414581569,
                -0.7288120855312952,
                0.0,
                -0.2549904788068518,
                0.9011112567391875,
                -0.3506827037305584,
                0.0,
                0.8087925659353271,
                1.4155343563970746e-15,
                -0.5880940275906138,
                0.0,
                -7.79586,
                141.919,
                7.81689,
                1.0
            ],
            "parent": "R_eyebrowMain_JNT",
            "isLocator": false,
            "isJoint": true,
            "isCurve": false,
            "isSurface": false,
            "children": []
        },
        "R_eyebrow08_JNT": {
            "joint_matrix": [
                -0.4220372988224543,
                -0.5606717833794252,
                -0.712412569881232,
                0.0,
                -0.285765105824998,
                0.8280381339782213,
                -0.48238071372173746,
                0.0,
                0.8603620300172911,
                -7.216449660063518e-16,
                -0.5096834088966659,
                0.0,
                -8.23708,
                141.558,
                7.210089999999999,
                1.0
            ],
            "parent": "R_eyebrowMain_JNT",
            "isLocator": false,
            "isJoint": true,
            "isCurve": false,
            "isSurface": false,
            "children": []
        },
        "R_eyebrow09_JNT": {
            "joint_matrix": [
                -0.4220372988224536,
                -0.5606717833794262,
                -0.7124125698812316,
                0.0,
                -0.2857651058249992,
                0.8280381339782207,
                -0.48238071372173796,
                0.0,
                0.8603620300172912,
                1.6653345369377353e-16,
                -0.5096834088966661,
                0.0,
                -8.58936,
                141.09,
                6.61543,
                1.0
            ],
            "parent": "R_eyebrowMain_JNT",
            "isLocator": false,
            "isJoint": true,
            "isCurve": false,
            "isSurface": false,
            "children": []
        },
        "R_eyebrowMain_JNT": {
            "joint_matrix": [
                -1.0,
                0.0,
                -1.4547323094649232e-15,
                0.0,
                0.0,
                1.0,
                0.0,
                0.0,
                1.4547323094649232e-15,
                0.0,
                -1.0,
                0.0,
                -4.83913,
                141.132,
                8.91552,
                1.0
            ],
            "parent": "C_guides_GRP",
            "isLocator": false,
            "isJoint": true,
            "isCurve": false,
            "isSurface": false,
            "children": [
                "R_eyebrow09_JNT",
                "R_eyebrow08_JNT",
                "R_eyebrow07_JNT",
                "R_eyebrow06_JNT",
                "R_eyebrow05_JNT",
                "R_eyebrow04_JNT",
                "R_eyebrow03_JNT",
                "R_eyebrow02_JNT",
                "R_eyebrow01_JNT",
                "R_eyebrow00_JNT"
            ]
        },
        "R_nosetril_JNT": {
            "joint_matrix": [
                1.0,
                0.0,
                0.0,
                0.0,
                0.0,
                1.0,
                0.0,
                0.0,
                0.0,
                0.0,
                1.0,
                0.0,
                -0.396396,
                132.934,
                11.3655,
                1.0
            ],
            "parent": "C_guides_GRP",
            "isLocator": false,
            "isJoint": true,
            "isCurve": false,
            "isSurface": false,
            "children": []
        },
        "R_downInSocket_JNT": {
            "joint_matrix": [
                1.0,
                0.0,
                0.0,
                0.0,
                0.0,
                1.0,
                0.0,
                0.0,
                0.0,
                0.0,
                1.0,
                0.0,
                -3.23138,
                136.517,
                9.34076,
                1.0
            ],
            "parent": "C_guides_GRP",
            "isLocator": false,
            "isJoint": true,
            "isCurve": false,
            "isSurface": false,
            "children": []
        },
        "R_lowerSocket_JNT": {
            "joint_matrix": [
                1.0,
                0.0,
                0.0,
                0.0,
                0.0,
                1.0,
                0.0,
                0.0,
                0.0,
                0.0,
                1.0,
                0.0,
                -5.65817,
                136.079,
                9.10915,
                1.0
            ],
            "parent": "C_guides_GRP",
            "isLocator": false,
            "isJoint": true,
            "isCurve": false,
            "isSurface": false,
            "children": []
        },
        "R_downOutSocket_JNT": {
            "joint_matrix": [
                1.0,
                0.0,
                0.0,
                0.0,
                0.0,
                1.0,
                0.0,
                0.0,
                0.0,
                0.0,
                1.0,
                0.0,
                -8.16441,
                136.996,
                7.42876,
                1.0
            ],
            "parent": "C_guides_GRP",
            "isLocator": false,
            "isJoint": true,
            "isCurve": false,
            "isSurface": false,
            "children": []
        },
        "R_outSocket_JNT": {
            "joint_matrix": [
                1.0,
                0.0,
                0.0,
                0.0,
                0.0,
                1.0,
                0.0,
                0.0,
                0.0,
                0.0,
                1.0,
                0.0,
                -8.59364,
                139.322,
                6.42363,
                1.0
            ],
            "parent": "C_guides_GRP",
            "isLocator": false,
            "isJoint": true,
            "isCurve": false,
            "isSurface": false,
            "children": []
        },
        "R_upOutSocket_JNT": {
            "joint_matrix": [
                1.0,
                0.0,
                0.0,
                0.0,
                0.0,
                1.0,
                0.0,
                0.0,
                0.0,
                0.0,
                1.0,
                0.0,
                -7.69756,
                140.997,
                7.80178,
                1.0
            ],
            "parent": "C_guides_GRP",
            "isLocator": false,
            "isJoint": true,
            "isCurve": false,
            "isSurface": false,
            "children": []
        },
        "R_upperSocket_JNT": {
            "joint_matrix": [
                1.0,
                0.0,
                0.0,
                0.0,
                0.0,
                1.0,
                0.0,
                0.0,
                0.0,
                0.0,
                1.0,
                0.0,
                -5.66223,
                141.365,
                9.44954,
                1.0
            ],
            "parent": "C_guides_GRP",
            "isLocator": false,
            "isJoint": true,
            "isCurve": false,
            "isSurface": false,
            "children": []
        },
        "R_upInSocket_JNT": {
            "joint_matrix": [
                1.0,
                0.0,
                0.0,
                0.0,
                0.0,
                1.0,
                0.0,
                0.0,
                0.0,
                0.0,
                1.0,
                0.0,
                -3.0111,
                140.39,
                9.77449,
                1.0
            ],
            "parent": "C_guides_GRP",
            "isLocator": false,
            "isJoint": true,
            "isCurve": false,
            "isSurface": false,
            "children": []
        },
        "R_inSocket_JNT": {
            "joint_matrix": [
                1.0,
                0.0,
                0.0,
                0.0,
                0.0,
                1.0,
                0.0,
                0.0,
                0.0,
                0.0,
                1.0,
                0.0,
                -1.7521,
                138.009,
                9.48595,
                1.0
            ],
            "parent": "C_guides_GRP",
            "isLocator": false,
            "isJoint": true,
            "isCurve": false,
            "isSurface": false,
            "children": []
        },
        "R_ear02_JNT": {
            "joint_matrix": [
                0.3421568725889558,
                0.003130616118716667,
                -0.9396376289734581,
                0.0,
                -0.5700493826864144,
                0.7956439850984045,
                -0.2049252309394034,
                0.0,
                0.7469754854337476,
                0.6057564264780417,
                0.27401966342138634,
                0.0,
                -12.317699999999983,
                138.209,
                -4.0247499999999885,
                1.0
            ],
            "parent": "R_ear01_JNT",
            "isLocator": false,
            "isJoint": true,
            "isCurve": false,
            "isSurface": false,
            "children": []
        },
        "R_ear01_JNT": {
            "joint_matrix": [
                0.3421568725889558,
                0.003130616118716667,
                -0.9396376289734581,
                0.0,
                -0.5700493826864144,
                0.7956439850984045,
                -0.2049252309394034,
                0.0,
                0.7469754854337476,
                0.6057564264780417,
                0.27401966342138634,
                0.0,
                -10.677000000000072,
                135.919,
                -3.4349400000000165,
                1.0
            ],
            "parent": "R_ear00_JNT",
            "isLocator": false,
            "isJoint": true,
            "isCurve": false,
            "isSurface": false,
            "children": [
                "R_ear02_JNT"
            ]
        },
        "R_ear00_JNT": {
            "joint_matrix": [
                0.3421563775020592,
                0.0031313072784917564,
                -0.939637806949782,
                0.0,
                -0.5699742683217502,
                0.7957051306410541,
                -0.20489675088343554,
                0.0,
                0.7470330292468692,
                0.6056761015478742,
                0.27404034963489465,
                0.0,
                -9.08177,
                133.692,
                -2.86148,
                1.0
            ],
            "parent": "C_guides_GRP",
            "isLocator": false,
            "isJoint": true,
            "isCurve": false,
            "isSurface": false,
            "children": [
                "R_ear01_JNT",
                "R_ear02_JNT"
            ]
        },
        "R_nose_JNT": {
            "joint_matrix": [
                -1.0,
                0.0,
                -1.2246467991473532e-16,
                0.0,
                0.0,
                1.0,
                0.0,
                0.0,
                1.2246467991473532e-16,
                0.0,
                -1.0,
                0.0,
                -1.77433,
                133.787,
                11.1483,
                1.0
            ],
            "parent": "C_guides_GRP",
            "isLocator": false,
            "isJoint": true,
            "isCurve": false,
            "isSurface": false,
            "children": []
        },
        "R_cheekbone02_JNT": {
            "joint_matrix": [
                -1.0,
                0.0,
                -1.2246467991473532e-16,
                0.0,
                0.0,
                1.0,
                0.0,
                0.0,
                1.2246467991473532e-16,
                0.0,
                -1.0,
                0.0,
                -8.314780000000003,
                135.166,
                7.264980000000005,
                1.0
            ],
            "parent": "R_cheekbone_JNT",
            "isLocator": false,
            "isJoint": true,
            "isCurve": false,
            "isSurface": false,
            "children": []
        },
        "R_cheekbone00_JNT": {
            "joint_matrix": [
                -1.0,
                0.0,
                -1.2246467991473532e-16,
                0.0,
                0.0,
                1.0,
                0.0,
                0.0,
                1.2246467991473532e-16,
                0.0,
                -1.0,
                0.0,
                -2.7982599999999977,
                135.765,
                9.98188,
                1.0
            ],
            "parent": "R_cheekbone_JNT",
            "isLocator": false,
            "isJoint": true,
            "isCurve": false,
            "isSurface": false,
            "children": []
        },
        "R_cheekbone01_JNT": {
            "joint_matrix": [
                -1.0,
                0.0,
                -1.2246467991473532e-16,
                0.0,
                0.0,
                1.0,
                0.0,
                0.0,
                1.2246467991473532e-16,
                0.0,
                -1.0,
                0.0,
                -5.5391,
                134.45,
                9.41443,
                1.0
            ],
            "parent": "R_cheekbone_JNT",
            "isLocator": false,
            "isJoint": true,
            "isCurve": false,
            "isSurface": false,
            "children": []
        },
        "R_cheekbone_JNT": {
            "joint_matrix": [
                -1.0,
                0.0,
                -1.2246467991473532e-16,
                0.0,
                0.0,
                1.0,
                0.0,
                0.0,
                1.2246467991473532e-16,
                0.0,
                -1.0,
                0.0,
                -5.47284,
                134.931,
                8.17489,
                1.0
            ],
            "parent": "C_guides_GRP",
            "isLocator": false,
            "isJoint": true,
            "isCurve": false,
            "isSurface": false,
            "children": [
                "R_cheekbone01_JNT",
                "R_cheekbone00_JNT",
                "R_cheekbone02_JNT"
            ]
        },
        "R_cheek_JNT": {
            "joint_matrix": [
                -1.0,
                0.0,
                -1.2246467991473532e-16,
                0.0,
                0.0,
                1.0,
                0.0,
                0.0,
                1.2246467991473532e-16,
                0.0,
                -1.0,
                0.0,
                -8.39201,
                131.734,
                4.30401,
                1.0
            ],
            "parent": "C_guides_GRP",
            "isLocator": false,
            "isJoint": true,
            "isCurve": false,
            "isSurface": false,
            "children": []
        },
        "L_cheek_JNT": {
            "joint_matrix": [
                1.0,
                0.0,
                0.0,
                0.0,
                0.0,
                1.0,
                0.0,
                0.0,
                0.0,
                0.0,
                1.0,
                0.0,
                8.392009735107422,
                131.73355102539062,
                4.304011344909668,
                1.0
            ],
            "parent": "C_guides_GRP",
            "isLocator": false,
            "isJoint": true,
            "isCurve": false,
            "isSurface": false,
            "children": []
        },
        "L_cheekbone02_JNT": {
            "joint_matrix": [
                1.0,
                0.0,
                0.0,
                0.0,
                0.0,
                1.0,
                0.0,
                0.0,
                0.0,
                0.0,
                1.0,
                0.0,
                8.314779281616211,
                135.16610717773438,
                7.264984607696533,
                1.0
            ],
            "parent": "L_cheekbone_JNT",
            "isLocator": false,
            "isJoint": true,
            "isCurve": false,
            "isSurface": false,
            "children": []
        },
        "L_cheekbone00_JNT": {
            "joint_matrix": [
                1.0,
                0.0,
                0.0,
                0.0,
                0.0,
                1.0,
                0.0,
                0.0,
                0.0,
                0.0,
                1.0,
                0.0,
                2.7982640266418457,
                135.76473999023438,
                9.9818754196167,
                1.0
            ],
            "parent": "L_cheekbone_JNT",
            "isLocator": false,
            "isJoint": true,
            "isCurve": false,
            "isSurface": false,
            "children": []
        },
        "L_cheekbone01_JNT": {
            "joint_matrix": [
                1.0,
                0.0,
                0.0,
                0.0,
                0.0,
                1.0,
                0.0,
                0.0,
                0.0,
                0.0,
                1.0,
                0.0,
                5.53909969329834,
                134.44956970214844,
                9.414433479309082,
                1.0
            ],
            "parent": "L_cheekbone_JNT",
            "isLocator": false,
            "isJoint": true,
            "isCurve": false,
            "isSurface": false,
            "children": []
        },
        "L_cheekbone_JNT": {
            "joint_matrix": [
                1.0,
                0.0,
                0.0,
                0.0,
                0.0,
                1.0,
                0.0,
                0.0,
                0.0,
                0.0,
                1.0,
                0.0,
                5.4728386998176575,
                134.93082427978516,
                8.174890995025635,
                1.0
            ],
            "parent": "C_guides_GRP",
            "isLocator": false,
            "isJoint": true,
            "isCurve": false,
            "isSurface": false,
            "children": [
                "L_cheekbone01_JNT",
                "L_cheekbone00_JNT",
                "L_cheekbone02_JNT"
            ]
        },
        "L_upInSocket_JNT": {
            "joint_matrix": [
                1.0,
                0.0,
                0.0,
                0.0,
                0.0,
                1.0,
                0.0,
                0.0,
                0.0,
                0.0,
                1.0,
                0.0,
                3.0110957622528076,
                140.39035034179688,
                9.774492263793945,
                1.0
            ],
            "parent": "C_guides_GRP",
            "isLocator": false,
            "isJoint": true,
            "isCurve": false,
            "isSurface": false,
            "children": []
        },
        "L_inSocket_JNT": {
            "joint_matrix": [
                1.0,
                0.0,
                0.0,
                0.0,
                0.0,
                1.0,
                0.0,
                0.0,
                0.0,
                0.0,
                1.0,
                0.0,
                1.7521018981933594,
                138.00868225097656,
                9.485946655273438,
                1.0
            ],
            "parent": "C_guides_GRP",
            "isLocator": false,
            "isJoint": true,
            "isCurve": false,
            "isSurface": false,
            "children": []
        },
        "L_downInSocket_JNT": {
            "joint_matrix": [
                1.0,
                0.0,
                0.0,
                0.0,
                0.0,
                1.0,
                0.0,
                0.0,
                0.0,
                0.0,
                1.0,
                0.0,
                3.2313809394836426,
                136.51698303222656,
                9.340755462646484,
                1.0
            ],
            "parent": "C_guides_GRP",
            "isLocator": false,
            "isJoint": true,
            "isCurve": false,
            "isSurface": false,
            "children": []
        },
        "L_lowerSocket_JNT": {
            "joint_matrix": [
                1.0,
                0.0,
                0.0,
                0.0,
                0.0,
                1.0,
                0.0,
                0.0,
                0.0,
                0.0,
                1.0,
                0.0,
                5.658174991607666,
                136.0789337158203,
                9.109146118164062,
                1.0
            ],
            "parent": "C_guides_GRP",
            "isLocator": false,
            "isJoint": true,
            "isCurve": false,
            "isSurface": false,
            "children": []
        },
        "L_downOutSocket_JNT": {
            "joint_matrix": [
                1.0,
                0.0,
                0.0,
                0.0,
                0.0,
                1.0,
                0.0,
                0.0,
                0.0,
                0.0,
                1.0,
                0.0,
                8.164410591125488,
                136.995849609375,
                7.428757190704346,
                1.0
            ],
            "parent": "C_guides_GRP",
            "isLocator": false,
            "isJoint": true,
            "isCurve": false,
            "isSurface": false,
            "children": []
        },
        "L_outSocket_JNT": {
            "joint_matrix": [
                1.0,
                0.0,
                0.0,
                0.0,
                0.0,
                1.0,
                0.0,
                0.0,
                0.0,
                0.0,
                1.0,
                0.0,
                8.593635559082031,
                139.32159423828125,
                6.423630714416504,
                1.0
            ],
            "parent": "C_guides_GRP",
            "isLocator": false,
            "isJoint": true,
            "isCurve": false,
            "isSurface": false,
            "children": []
        },
        "L_upOutSocket_JNT": {
            "joint_matrix": [
                1.0,
                0.0,
                0.0,
                0.0,
                0.0,
                1.0,
                0.0,
                0.0,
                0.0,
                0.0,
                1.0,
                0.0,
                7.697564601898193,
                140.99668884277344,
                7.801779747009277,
                1.0
            ],
            "parent": "C_guides_GRP",
            "isLocator": false,
            "isJoint": true,
            "isCurve": false,
            "isSurface": false,
            "children": []
        },
        "L_upperSocket_JNT": {
            "joint_matrix": [
                1.0,
                0.0,
                0.0,
                0.0,
                0.0,
                1.0,
                0.0,
                0.0,
                0.0,
                0.0,
                1.0,
                0.0,
                5.662227630615234,
                141.364990234375,
                9.449535369873047,
                1.0
            ],
            "parent": "C_guides_GRP",
            "isLocator": false,
            "isJoint": true,
            "isCurve": false,
            "isSurface": false,
            "children": []
        },
        "C_eyebrowMid_JNT": {
            "joint_matrix": [
                1.0,
                0.0,
                0.0,
                0.0,
                0.0,
                1.0,
                0.0,
                0.0,
                0.0,
                0.0,
                1.0,
                0.0,
                1.817886394965541e-17,
                141.54559326171875,
                10.86563777923584,
                1.0
            ],
            "parent": "C_guides_GRP",
            "isLocator": false,
            "isJoint": true,
            "isCurve": false,
            "isSurface": false,
            "children": []
        },
        "L_ear02_JNT": {
            "joint_matrix": [
                0.8216673019896132,
                -0.5519613343357656,
                0.14213208729696145,
                0.0,
                0.569967406823504,
                0.7957096756002657,
                -0.20489818768112641,
                0.0,
                7.216449660063518e-16,
                0.24936879827757355,
                0.9684085927156982,
                0.0,
                12.31765741713437,
                138.20929232810204,
                -4.02475201514713,
                1.0
            ],
            "parent": "L_ear01_JNT",
            "isLocator": false,
            "isJoint": true,
            "isCurve": false,
            "isSurface": false,
            "children": []
        },
        "L_ear01_JNT": {
            "joint_matrix": [
                0.8216673019896132,
                -0.5519613343357656,
                0.14213208729696145,
                0.0,
                0.569967406823504,
                0.7957096756002657,
                -0.20489818768112641,
                0.0,
                7.216449660063518e-16,
                0.24936879827757355,
                0.9684085927156982,
                0.0,
                10.676959991455075,
                135.91877746582043,
                -3.4349359571933906,
                1.0
            ],
            "parent": "L_ear00_JNT",
            "isLocator": false,
            "isJoint": true,
            "isCurve": false,
            "isSurface": false,
            "children": [
                "L_ear02_JNT"
            ]
        },
        "L_ear00_JNT": {
            "joint_matrix": [
                0.3421627417990736,
                -0.003131798188116818,
                0.9396354878167648,
                0.0,
                0.569967406823504,
                0.7957096756002657,
                -0.20489818768112641,
                0.0,
                -0.7470353494202472,
                0.605670128036895,
                0.27404722717141383,
                0.0,
                9.08176565170288,
                133.69178771972656,
                -2.861477851867676,
                1.0
            ],
            "parent": "C_guides_GRP",
            "isLocator": false,
            "isJoint": true,
            "isCurve": false,
            "isSurface": false,
            "children": [
                "L_ear01_JNT",
                "L_ear02_JNT"
            ]
        },
        "L_nose_JNT": {
            "joint_matrix": [
                1.0,
                0.0,
                0.0,
                0.0,
                0.0,
                1.0,
                0.0,
                0.0,
                0.0,
                0.0,
                1.0,
                0.0,
                1.7743273973464966,
                133.78650665283203,
                11.148282527923584,
                1.0
            ],
            "parent": "C_guides_GRP",
            "isLocator": false,
            "isJoint": true,
            "isCurve": false,
            "isSurface": false,
            "children": []
        },
        "L_nosetril_JNT": {
            "joint_matrix": [
                1.0,
                0.0,
                0.0,
                0.0,
                0.0,
                1.0,
                0.0,
                0.0,
                0.0,
                0.0,
                1.0,
                0.0,
                0.3963959217071533,
                132.9336700439453,
                11.365482330322266,
                1.0
            ],
            "parent": "C_guides_GRP",
            "isLocator": false,
            "isJoint": true,
            "isCurve": false,
            "isSurface": false,
            "children": []
        },
        "C_noseTip_JNT": {
            "joint_matrix": [
                1.0,
                0.0,
                0.0,
                0.0,
                0.0,
                1.0,
                0.0,
                0.0,
                0.0,
                0.0,
                1.0,
                0.0,
                0.0,
                134.16439819335938,
                12.713624954223633,
                1.0
            ],
            "parent": "C_guides_GRP",
            "isLocator": false,
            "isJoint": true,
            "isCurve": false,
            "isSurface": false,
            "children": []
        },
        "C_noseMain_JNT": {
            "joint_matrix": [
                1.0,
                0.0,
                0.0,
                0.0,
                0.0,
                1.0,
                0.0,
                0.0,
                0.0,
                0.0,
                1.0,
                0.0,
                0.0,
                139.22872161865234,
                10.212892532348633,
                1.0
            ],
            "parent": "C_guides_GRP",
            "isLocator": false,
            "isJoint": true,
            "isCurve": false,
            "isSurface": false,
            "children": []
        },
        "L_eyeEnd_JNT": {
            "joint_matrix": [
                1.0,
                0.0,
                0.0,
                0.0,
                0.0,
                1.0,
                0.0,
                0.0,
                0.0,
                0.0,
                1.0,
                0.0,
                4.6264742612838745,
                138.92768859863278,
                8.630767822265627,
                1.0
            ],
            "parent": "L_eye_JNT",
            "isLocator": false,
            "isJoint": true,
            "isCurve": false,
            "isSurface": false,
            "children": []
        },
        "L_eye_JNT": {
            "joint_matrix": [
                1.0,
                0.0,
                0.0,
                0.0,
                0.0,
                1.0,
                0.0,
                0.0,
                0.0,
                0.0,
                1.0,
                0.0,
                4.6264742612838745,
                138.9276885986328,
                5.712748765945435,
                1.0
            ],
            "parent": "C_guides_GRP",
            "isLocator": false,
            "isJoint": true,
            "isCurve": false,
            "isSurface": false,
            "children": [
                "L_eyeEnd_JNT"
            ]
        },
        "C_nose_JNT": {
            "joint_matrix": [
                1.0,
                0.0,
                0.0,
                0.0,
                0.0,
                1.0,
                0.0,
                0.0,
                0.0,
                0.0,
                1.0,
                0.0,
                0.0,
                134.16439819335938,
                10.487225953927119,
                1.0
            ],
            "parent": "C_guides_GRP",
            "isLocator": false,
            "isJoint": true,
            "isCurve": false,
            "isSurface": false,
            "children": []
        },
        "L_eyebrow00_JNT": {
            "joint_matrix": [
                0.771666318740398,
                0.6360195053706416,
                0.0032064481481273825,
                0.0,
                -0.6360140147154886,
                0.771672980470409,
                -0.002642782132887744,
                0.0,
                -0.004155190384150913,
                5.084235983610075e-14,
                0.9999913671591728,
                0.0,
                2.132745623588562,
                140.52570343017578,
                10.348104000091553,
                1.0
            ],
            "parent": "L_eyebrowMain_JNT",
            "isLocator": false,
            "isJoint": true,
            "isCurve": false,
            "isSurface": false,
            "children": []
        },
        "L_eyebrow01_JNT": {
            "joint_matrix": [
                0.8800015169602726,
                0.45987665382288234,
                -0.11878886065741945,
                0.0,
                -0.4557432310268036,
                0.8879828057280551,
                0.061519461185714816,
                0.0,
                0.13377382973088753,
                -2.5569824035898137e-15,
                0.9910118881623629,
                0.0,
                3.101286292076111,
                141.32398986816406,
                10.352128505706787,
                1.0
            ],
            "parent": "L_eyebrowMain_JNT",
