{
    "freya": {
        "R_cheek_JNT": {
            "joint_matrix": [
                1.0,
                0.0,
                0.0,
                0.0,
                0.0,
                1.0,
                0.0,
                0.0,
                0.0,
                0.0,
                1.0,
                0.0,
                -8.15105,
                146.449,
                5.19757,
                1.0
            ],
            "parent": "C_guides_GRP",
            "isLocator": false,
            "isJoint": true,
            "isCurve": false,
            "isSurface": false,
            "children": []
        },
        "R_nosetril_JNT": {
            "joint_matrix": [
                1.0,
                0.0,
                0.0,
                0.0,
                0.0,
                1.0,
                0.0,
                0.0,
                0.0,
                0.0,
                1.0,
                0.0,
                -0.732857,
                147.664,
                12.2926,
                1.0
            ],
            "parent": "C_guides_GRP",
            "isLocator": false,
            "isJoint": true,
            "isCurve": false,
            "isSurface": false,
            "children": []
        },
        "R_nose_JNT": {
            "joint_matrix": [
                1.0,
                0.0,
                0.0,
                0.0,
                0.0,
                1.0,
                0.0,
                0.0,
                0.0,
                0.0,
                1.0,
                0.0,
                -2.22701,
                148.601,
                12.083,
                1.0
            ],
            "parent": "C_guides_GRP",
            "isLocator": false,
            "isJoint": true,
            "isCurve": false,
            "isSurface": false,
            "children": []
        },
        "R_ear02_JNT": {
            "joint_matrix": [
                0.014634037842375713,
                0.16359688083545135,
                0.9864187272742437,
                0.0,
                0.22268009554699653,
                0.9612156874784894,
                -0.16272054938585762,
                0.0,
                -0.9747817294059262,
                0.2220370751162199,
                -0.022363302310383526,
                0.0,
                -11.858100000000004,
                153.92800000000005,
                -2.5478600000000085,
                1.0
            ],
            "parent": "R_ear01_JNT",
            "isLocator": false,
            "isJoint": true,
            "isCurve": false,
            "isSurface": false,
            "children": []
        },
        "R_ear01_JNT": {
            "joint_matrix": [
                0.014634037842375713,
                0.16359688083545135,
                0.9864187272742437,
                0.0,
                0.22268009554699653,
                0.9612156874784894,
                -0.16272054938585762,
                0.0,
                -0.9747817294059262,
                0.2220370751162199,
                -0.022363302310383526,
                0.0,
                -11.213999999999997,
                151.14699999999996,
                -2.0772199999999996,
                1.0
            ],
            "parent": "R_ear00_JNT",
            "isLocator": false,
            "isJoint": true,
            "isCurve": false,
            "isSurface": false,
            "children": [
                "R_ear02_JNT"
            ]
        },
        "R_ear00_JNT": {
            "joint_matrix": [
                0.27954128215582585,
                -0.007545198357802485,
                0.9601040264223549,
                0.0,
                0.526457588426334,
                0.8374492938081474,
                -0.1467006744652663,
                0.0,
                -0.8029315532216962,
                0.5464629450218712,
                0.23807387626326748,
                0.0,
                -9.74159,
                148.805,
                -1.66692,
                1.0
            ],
            "parent": "C_guides_GRP",
            "isLocator": false,
            "isJoint": true,
            "isCurve": false,
            "isSurface": false,
            "children": [
                "R_ear01_JNT",
                "R_ear02_JNT"
            ]
        },
        "R_eyeEnd_JNT": {
            "joint_matrix": [
                1.0,
                0.0,
                0.0,
                0.0,
                0.0,
                1.0,
                0.0,
                0.0,
                0.0,
                0.0,
                1.0,
                0.0,
                -4.63539,
                153.732,
                9.26011,
                1.0
            ],
            "parent": "R_eye_JNT",
            "isLocator": false,
            "isJoint": true,
            "isCurve": false,
            "isSurface": false,
            "children": []
        },
        "R_eye_JNT": {
            "joint_matrix": [
                1.0,
                0.0,
                0.0,
                0.0,
                0.0,
                1.0,
                0.0,
                0.0,
                0.0,
                0.0,
                1.0,
                0.0,
                -4.63539,
                153.732,
                5.5918,
                1.0
            ],
            "parent": "C_guides_GRP",
            "isLocator": false,
            "isJoint": true,
            "isCurve": false,
            "isSurface": false,
            "children": [
                "R_eyeEnd_JNT"
            ]
        },
        "R_cheekbone02_JNT": {
            "joint_matrix": [
                1.0,
                0.0,
                0.0,
                0.0,
                0.0,
                1.0,
                0.0,
                0.0,
                0.0,
                0.0,
                1.0,
                0.0,
                -8.20537,
                149.946,
                7.63707,
                1.0
            ],
            "parent": "R_cheekbone_JNT",
            "isLocator": false,
            "isJoint": true,
            "isCurve": false,
            "isSurface": false,
            "children": []
        },
        "R_cheekbone00_JNT": {
            "joint_matrix": [
                1.0,
                0.0,
                0.0,
                0.0,
                0.0,
                1.0,
                0.0,
                0.0,
                0.0,
                0.0,
                1.0,
                0.0,
                -3.04251,
                150.603,
                10.5604,
                1.0
            ],
            "parent": "R_cheekbone_JNT",
            "isLocator": false,
            "isJoint": true,
            "isCurve": false,
            "isSurface": false,
            "children": []
        },
        "R_cheekbone01_JNT": {
            "joint_matrix": [
                1.0,
                0.0,
                0.0,
                0.0,
                0.0,
                1.0,
                0.0,
                0.0,
                0.0,
                0.0,
                1.0,
                0.0,
                -5.70838,
                149.139,
                9.81932,
                1.0
            ],
            "parent": "R_cheekbone_JNT",
            "isLocator": false,
            "isJoint": true,
            "isCurve": false,
            "isSurface": false,
            "children": []
        },
        "R_cheekbone_JNT": {
            "joint_matrix": [
                1.0,
                0.0,
                0.0,
                0.0,
                0.0,
                1.0,
                0.0,
                0.0,
                0.0,
                0.0,
                1.0,
                0.0,
                -5.4739,
                149.737,
                8.7666,
                1.0
            ],
            "parent": "C_guides_GRP",
            "isLocator": false,
            "isJoint": true,
            "isCurve": false,
            "isSurface": false,
            "children": [
                "R_cheekbone01_JNT",
                "R_cheekbone00_JNT",
                "R_cheekbone02_JNT"
            ]
        },
        "L_cheek_JNT": {
            "joint_matrix": [
                1.0,
                0.0,
                0.0,
                0.0,
                0.0,
                1.0,
                0.0,
                0.0,
                0.0,
                0.0,
                1.0,
                0.0,
                8.151054382324219,
                146.44851684570312,
                5.197572708129883,
                1.0
            ],
            "parent": "C_guides_GRP",
            "isLocator": false,
            "isJoint": true,
            "isCurve": false,
            "isSurface": false,
            "children": []
        },
        "L_cheekbone02_JNT": {
            "joint_matrix": [
                1.0,
                0.0,
                0.0,
                0.0,
                0.0,
                1.0,
                0.0,
                0.0,
                0.0,
                0.0,
                1.0,
                0.0,
                8.205366134643555,
                149.94583129882812,
                7.63707160949707,
                1.0
            ],
            "parent": "L_cheekbone_JNT",
            "isLocator": false,
            "isJoint": true,
            "isCurve": false,
            "isSurface": false,
            "children": []
        },
        "L_cheekbone00_JNT": {
            "joint_matrix": [
                1.0,
                0.0,
                0.0,
                0.0,
                0.0,
                1.0,
                0.0,
                0.0,
                0.0,
                0.0,
                1.0,
                0.0,
                3.0425071716308594,
                150.60348510742188,
                10.560417175292969,
                1.0
            ],
            "parent": "L_cheekbone_JNT",
            "isLocator": false,
            "isJoint": true,
            "isCurve": false,
            "isSurface": false,
            "children": []
        },
        "L_cheekbone01_JNT": {
            "joint_matrix": [
                1.0,
                0.0,
                0.0,
                0.0,
                0.0,
                1.0,
                0.0,
                0.0,
                0.0,
                0.0,
                1.0,
                0.0,
                5.7083845138549805,
                149.13864135742188,
                9.81931734085083,
                1.0
            ],
            "parent": "L_cheekbone_JNT",
            "isLocator": false,
            "isJoint": true,
            "isCurve": false,
            "isSurface": false,
            "children": []
        },
        "L_cheekbone_JNT": {
            "joint_matrix": [
                1.0,
                0.0,
                0.0,
                0.0,
                0.0,
                1.0,
                0.0,
                0.0,
                0.0,
                0.0,
                1.0,
                0.0,
                5.473899841308594,
                149.73678588867188,
                8.766603469848633,
                1.0
            ],
            "parent": "C_guides_GRP",
            "isLocator": false,
            "isJoint": true,
            "isCurve": false,
            "isSurface": false,
            "children": [
                "L_cheekbone01_JNT",
                "L_cheekbone00_JNT",
                "L_cheekbone02_JNT"
            ]
        },
        "L_upInSocket_JNT": {
            "joint_matrix": [
                1.0,
                0.0,
                0.0,
                0.0,
                0.0,
                1.0,
                0.0,
                0.0,
                0.0,
                0.0,
                1.0,
                0.0,
                3.206157684326172,
                154.82940673828125,
                9.654998779296875,
                1.0
            ],
            "parent": "C_guides_GRP",
            "isLocator": false,
            "isJoint": true,
            "isCurve": false,
            "isSurface": false,
            "children": []
        },
        "L_inSocket_JNT": {
            "joint_matrix": [
                1.0,
                0.0,
                0.0,
                0.0,
                0.0,
                1.0,
                0.0,
                0.0,
                0.0,
                0.0,
                1.0,
                0.0,
                2.3714065551757812,
                152.66189575195312,
                9.375953674316406,
                1.0
            ],
            "parent": "C_guides_GRP",
            "isLocator": false,
            "isJoint": true,
            "isCurve": false,
            "isSurface": false,
            "children": []
        },
        "L_downInSocket_JNT": {
            "joint_matrix": [
                1.0,
                0.0,
                0.0,
                0.0,
                0.0,
                1.0,
                0.0,
                0.0,
                0.0,
                0.0,
                1.0,
                0.0,
                3.770923614501953,
                151.81198120117188,
                9.32927131652832,
                1.0
            ],
            "parent": "C_guides_GRP",
            "isLocator": false,
            "isJoint": true,
            "isCurve": false,
            "isSurface": false,
            "children": []
        },
        "L_lowerSocket_JNT": {
            "joint_matrix": [
                1.0,
                0.0,
                0.0,
                0.0,
                0.0,
                1.0,
                0.0,
                0.0,
                0.0,
                0.0,
                1.0,
                0.0,
                5.564093589782715,
                151.47781372070312,
                9.222173690795898,
                1.0
            ],
            "parent": "C_guides_GRP",
            "isLocator": false,
            "isJoint": true,
            "isCurve": false,
            "isSurface": false,
            "children": []
        },
        "L_downOutSocket_JNT": {
            "joint_matrix": [
                1.0,
                0.0,
                0.0,
                0.0,
                0.0,
                1.0,
                0.0,
                0.0,
                0.0,
                0.0,
                1.0,
                0.0,
                7.992219924926758,
                152.4444580078125,
                7.77437686920166,
                1.0
            ],
            "parent": "C_guides_GRP",
            "isLocator": false,
            "isJoint": true,
            "isCurve": false,
            "isSurface": false,
            "children": []
        },
        "L_outSocket_JNT": {
            "joint_matrix": [
                1.0,
                0.0,
                0.0,
                0.0,
                0.0,
                1.0,
                0.0,
                0.0,
                0.0,
                0.0,
                1.0,
                0.0,
                8.21545124053955,
                154.59747314453125,
                7.3134660720825195,
                1.0
            ],
            "parent": "C_guides_GRP",
            "isLocator": false,
            "isJoint": true,
            "isCurve": false,
            "isSurface": false,
            "children": []
        },
        "L_upOutSocket_JNT": {
            "joint_matrix": [
                1.0,
                0.0,
                0.0,
                0.0,
                0.0,
                1.0,
                0.0,
                0.0,
                0.0,
                0.0,
                1.0,
                0.0,
                7.249021530151367,
                155.51605224609375,
                8.369684219360352,
                1.0
            ],
            "parent": "C_guides_GRP",
            "isLocator": false,
            "isJoint": true,
            "isCurve": false,
            "isSurface": false,
            "children": []
        },
        "L_upperSocket_JNT": {
            "joint_matrix": [
                1.0,
                0.0,
                0.0,
                0.0,
                0.0,
                1.0,
                0.0,
                0.0,
                0.0,
                0.0,
                1.0,
                0.0,
                5.670404434204102,
                155.74417114257812,
                9.174489974975586,
                1.0
            ],
            "parent": "C_guides_GRP",
            "isLocator": false,
            "isJoint": true,
            "isCurve": false,
            "isSurface": false,
            "children": []
        },
        "C_eyebrowMid_JNT": {
            "joint_matrix": [
                1.0,
                0.0,
                0.0,
                0.0,
                0.0,
                1.0,
                0.0,
                0.0,
                0.0,
                0.0,
                1.0,
                0.0,
                -6.69698658812732e-17,
                156.12411499023438,
                11.496782302856445,
                1.0
            ],
            "parent": "C_guides_GRP",
            "isLocator": false,
            "isJoint": true,
            "isCurve": false,
            "isSurface": false,
            "children": []
        },
        "L_ear02_JNT": {
            "joint_matrix": [
                0.014634037842375991,
                0.16359688083545176,
                0.9864187272742437,
                0.0,
                0.22268009554699777,
                0.9612156874784892,
                -0.16272054938585812,
                0.0,
                -0.9747817294059259,
                0.22203707511622145,
                -0.022363302310383526,
                0.0,
                11.858081817626957,
                153.92761230468747,
                -2.547857165336606,
                1.0
            ],
            "parent": "L_ear01_JNT",
            "isLocator": false,
            "isJoint": true,
            "isCurve": false,
            "isSurface": false,
            "children": []
        },
        "L_ear01_JNT": {
            "joint_matrix": [
                0.014634037842375991,
                0.16359688083545176,
                0.9864187272742437,
                0.0,
                0.22268009554699777,
                0.9612156874784892,
                -0.16272054938585812,
                0.0,
                -0.9747817294059259,
                0.22203707511622145,
                -0.022363302310383526,
                0.0,
                11.21401786804198,
                151.1474609375,
                -2.077215909957883,
                1.0
            ],
            "parent": "L_ear00_JNT",
            "isLocator": false,
            "isJoint": true,
            "isCurve": false,
            "isSurface": false,
            "children": [
                "L_ear02_JNT"
            ]
        },
        "L_ear00_JNT": {
            "joint_matrix": [
                0.2795412821558265,
                -0.007545198357802539,
                0.9601040264223549,
                0.0,
                0.5264575884263344,
                0.837449293808147,
                -0.1467006744652668,
                0.0,
                -0.8029315532216957,
                0.5464629450218719,
                0.23807387626326804,
                0.0,
                9.741592407226562,
                148.80523681640625,
                -1.6669154167175293,
                1.0
            ],
            "parent": "C_guides_GRP",
            "isLocator": false,
            "isJoint": true,
            "isCurve": false,
            "isSurface": false,
            "children": [
                "L_ear01_JNT",
                "L_ear02_JNT"
            ]
        },
        "L_nose_JNT": {
            "joint_matrix": [
                1.0,
                0.0,
                0.0,
                0.0,
                0.0,
                1.0,
                0.0,
                0.0,
                0.0,
                0.0,
                1.0,
                0.0,
                2.22700834274292,
                148.60076904296875,
                12.083005905151367,
                1.0
            ],
            "parent": "C_guides_GRP",
            "isLocator": false,
            "isJoint": true,
            "isCurve": false,
            "isSurface": false,
            "children": []
        },
        "L_nosetril_JNT": {
            "joint_matrix": [
                1.0,
                0.0,
                0.0,
                0.0,
                0.0,
                1.0,
                0.0,
                0.0,
                0.0,
                0.0,
                1.0,
                0.0,
                0.7328569889068604,
                147.66387939453125,
                12.29257583618164,
                1.0
            ],
            "parent": "C_guides_GRP",
            "isLocator": false,
            "isJoint": true,
            "isCurve": false,
            "isSurface": false,
            "children": []
        },
        "C_noseTip_JNT": {
            "joint_matrix": [
                1.0,
                0.0,
                0.0,
                0.0,
                0.0,
                1.0,
                0.0,
                0.0,
                0.0,
                0.0,
                1.0,
                0.0,
                -3.842419381431324e-17,
                148.72283935546875,
                13.757705688476562,
                1.0
            ],
            "parent": "C_guides_GRP",
            "isLocator": false,
            "isJoint": true,
            "isCurve": false,
            "isSurface": false,
            "children": []
        },
        "C_noseMain_JNT": {
            "joint_matrix": [
                1.0,
                0.0,
                0.0,
                0.0,
                0.0,
                1.0,
                0.0,
                0.0,
                0.0,
                0.0,
                1.0,
                0.0,
                0.0,
                154.75311279296875,
                10.875701427459717,
                1.0
            ],
            "parent": "C_guides_GRP",
            "isLocator": false,
            "isJoint": true,
            "isCurve": false,
            "isSurface": false,
            "children": []
        },
        "L_eyeEnd_JNT": {
            "joint_matrix": [
                1.0,
                0.0,
                0.0,
                0.0,
                0.0,
                1.0,
                0.0,
                0.0,
                0.0,
                0.0,
                1.0,
                0.0,
                4.635391870425253,
                153.73235739723148,
                9.260108847918955,
                1.0
            ],
            "parent": "L_eye_JNT",
            "isLocator": false,
            "isJoint": true,
            "isCurve": false,
            "isSurface": false,
            "children": []
        },
        "L_eye_JNT": {
            "joint_matrix": [
                1.0,
                0.0,
                0.0,
                0.0,
                0.0,
                1.0,
                0.0,
                0.0,
                0.0,
                0.0,
                1.0,
                0.0,
                4.635391870425253,
                153.73235739723148,
                5.591795697957788,
                1.0
            ],
            "parent": "C_guides_GRP",
            "isLocator": false,
            "isJoint": true,
            "isCurve": false,
            "isSurface": false,
            "children": [
                "L_eyeEnd_JNT"
            ]
        },
        "C_nose_JNT": {
            "joint_matrix": [
                1.0,
                0.0,
                0.0,
                0.0,
                0.0,
                1.0,
                0.0,
                0.0,
                0.0,
                0.0,
                1.0,
                0.0,
                -3.842419381431324e-17,
                149.17171716468815,
                11.180814561476348,
                1.0
            ],
            "parent": "C_guides_GRP",
            "isLocator": false,
            "isJoint": true,
            "isCurve": false,
            "isSurface": false,
            "children": []
        },
        "L_eyebrow00_JNT": {
            "joint_matrix": [
                0.35999489818649044,
                0.9267631915136914,
                -0.10730172475340329,
                0.0,
                -0.8881498500319212,
                0.3756460925596815,
                0.2647260036961216,
                0.0,
                0.2856457896906133,
                -1.6653345369377343e-16,
                0.9583352664031654,
                0.0,
                2.3746252059936523,
                155.98373413085938,
                11.175156116485596,
                1.0
            ],
            "parent": "L_eyebrowMain_JNT",
            "isLocator": false,
            "isJoint": true,
            "isCurve": false,
            "isSurface": false,
            "children": []
        },
        "L_eyebrow01_JNT": {
            "joint_matrix": [
                0.9366474805624494,
                0.020372858621653337,
                -0.34968048814253005,
                0.0,
                -0.019086147995922054,
                0.9997924517776587,
                0.007125470026295469,
                0.0,
                0.34975307877228723,
                2.169575283317294e-14,
                0.9368419204376511,
                0.0,
                2.9391884803771973,
                157.4371337890625,
                11.006879806518555,
                1.0
            ],
            "parent": "L_eyebrowMain_JNT",
            "isLocator": false,
            "isJoint": true,
            "isCurve": false,
            "isSurface": false,
            "children": []
        },
        "L_eyebrow02_JNT": {
            "joint_matrix": [
                0.9017388344576597,
                0.22187863445240755,
                -0.37099453635394186,
                0.0,
                -0.20519111540088383,
                0.9750742902843531,
                0.08441998926205962,
                0.0,
                0.38047822617264515,
                1.2975731600306517e-15,
                0.9247898785175568,
                0.0,
                3.7810206413269043,
                157.4554443359375,
                10.692596912384033,
                1.0
            ],
            "parent": "L_eyebrowMain_JNT",
            "isLocator": false,
            "isJoint": true,
            "isCurve": false,
            "isSurface": false,
            "children": []
        },
        "L_eyebrow03_JNT": {
            "joint_matrix": [
                0.8856569299324392,
                0.07835976010750308,
                -0.45768062058442155,
                0.0,
                -0.06961391715437322,
                0.9969251466363432,
                0.03597435951520877,
                0.0,
                0.45909226197036984,
                4.0592529337857296e-16,
                0.8883885945907508,
                0.0,
                4.835247993469238,
                157.71484375,
                10.258865356445312,
                1.0
            ],
            "parent": "L_eyebrowMain_JNT",
            "isLocator": false,
            "isJoint": true,
            "isCurve": false,
            "isSurface": false,
            "children": []
        },
        "L_eyebrow04_JNT": {
            "joint_matrix": [
                0.8293451302661752,
                -0.12352446510029343,
                -0.5449113335447039,
                0.0,
                0.10323503632170757,
                0.9923415271577051,
                -0.06782935023991699,
                0.0,
                0.5491167291017792,
                -3.615163723935666e-15,
                0.8357456657503903,
                0.0,
                5.826902389526367,
                157.80258178710938,
                9.746408462524414,
                1.0
            ],
            "parent": "L_eyebrowMain_JNT",
            "isLocator": false,
            "isJoint": true,
            "isCurve": false,
            "isSurface": false,
            "children": []
        },
        "L_eyebrow05_JNT": {
            "joint_matrix": [
                0.7343252006528289,
                -0.2636067066097678,
                -0.6255221849914951,
                0.0,
                0.200670722573001,
                0.9646302422329252,
                -0.17093787430431526,
                0.0,
                0.6484579869106495,
                -1.3739009929736316e-15,
                0.761250444473951,
                0.0,
                6.672096252441406,
                157.67669677734375,
                9.191083908081055,
                1.0
            ],
            "parent": "L_eyebrowMain_JNT",
            "isLocator": false,
            "isJoint": true,
            "isCurve": false,
            "isSurface": false,
            "children": []
        },
        "L_eyebrow06_JNT": {
            "joint_matrix": [
                0.6232829480224453,
                -0.3936814894583997,
                -0.675672443986186,
                0.0,
                0.2669304146482756,
                0.9192469118021642,
                -0.28936701414965,
                0.0,
                0.7350282446546862,
                1.1102230246251568e-16,
                0.6780364883690632,
                0.0,
                7.316064834594727,
                157.44552612304688,
                8.64253044128418,
                1.0
            ],
            "parent": "L_eyebrowMain_JNT",
            "isLocator": false,
            "isJoint": true,
            "isCurve": false,
            "isSurface": false,
            "children": []
        },
        "L_eyebrow07_JNT": {
            "joint_matrix": [
                0.5047021206304392,
                -0.502846999322176,
                -0.7017269160462789,
                0.0,
                0.2936084670915829,
                0.864375436527834,
                -0.4082268643529567,
                0.0,
                0.8118311631634183,
                8.326672684688678e-17,
                0.5838922524890457,
                0.0,
                7.853579521179199,
                157.10601806640625,
                8.059835433959961,
                1.0
            ],
            "parent": "L_eyebrowMain_JNT",
            "isLocator": false,
            "isJoint": true,
            "isCurve": false,
            "isSurface": false,
            "children": []
        },
        "L_eyebrow08_JNT": {
            "joint_matrix": [
                0.3831586103794482,
                -0.622721390023665,
                -0.6822078493385171,
                0.0,
                0.3049434441499618,
                0.7824436531834063,
                -0.5429469821842319,
                0.0,
                0.871893901321743,
                -2.7755575615628914e-16,
                0.48969482827364097,
                0.0,
                8.29465389251709,
                156.66656494140625,
                7.446575164794922,
                1.0
            ],
            "parent": "L_eyebrowMain_JNT",
            "isLocator": false,
            "isJoint": true,
            "isCurve": false,
            "isSurface": false,
            "children": []
        },
        "L_eyebrow09_JNT": {
            "joint_matrix": [
                0.383158610379448,
                -0.6227213900236651,
                -0.6822078493385172,
                0.0,
                0.3049434441499619,
                0.7824436531834061,
                -0.5429469821842321,
                0.0,
                0.8718939013217432,
                -4.440892098500628e-16,
                0.48969482827364075,
                0.0,
                8.61668586730957,
                156.1431884765625,
                6.873202323913574,
                1.0
            ],
            "parent": "L_eyebrowMain_JNT",
            "isLocator": false,
            "isJoint": true,
            "isCurve": false,
            "isSurface": false,
            "children": []
        },
        "L_eyebrowMain_JNT": {
            "joint_matrix": [
                1.0,
                0.0,
                0.0,
                0.0,
                0.0,
                1.0,
                0.0,
                0.0,
                0.0,
                0.0,
                1.0,
                0.0,
                5.314338207244873,
                156.98776245117188,
                8.839964866638184,
                1.0
            ],
            "parent": "C_guides_GRP",
            "isLocator": false,
            "isJoint": true,
            "isCurve": false,
            "isSurface": false,
            "children": [
                "L_eyebrow09_JNT",
                "L_eyebrow08_JNT",
                "L_eyebrow07_JNT",
                "L_eyebrow06_JNT",
                "L_eyebrow05_JNT",
                "L_eyebrow04_JNT",
                "L_eyebrow03_JNT",
                "L_eyebrow02_JNT",
                "L_eyebrow01_JNT",
                "L_eyebrow00_JNT"
            ]
        },
        "C_lowerTeeth_JNT": {
            "joint_matrix": [
                1.0,
                0.0,
                0.0,
                0.0,
                0.0,
                1.0,
                0.0,
                0.0,
                0.0,
                0.0,
                1.0,
                0.0,
                0.0,
                143.7123094628148,
                7.594286937524133,
                1.0
            ],
            "parent": "C_guides_GRP",
            "isLocator": false,
            "isJoint": true,
            "isCurve": false,
            "isSurface": false,
            "children": []
        },
        "C_upperTeeth_JNT": {
            "joint_matrix": [
                1.0,
                0.0,
                0.0,
                0.0,
                0.0,
                1.0,
                0.0,
                0.0,
                0.0,
                0.0,
                1.0,
                0.0,
                0.0,
                145.9816728661351,
                7.121678728867822,
                1.0
            ],
            "parent": "C_guides_GRP",
            "isLocator": false,
            "isJoint": true,
            "isCurve": false,
            "isSurface": false,
            "children": []
        },
        "R_jaw_JNT": {
            "joint_matrix": [
                0.9999999999833237,
                -4.844593591595103e-06,
                3.1436536868829785e-06,
                0.0,
                -1.8808638510727302e-06,
                0.2414592864035332,
                0.9704109505801957,
                0.0,
                -5.4603110483291285e-06,
                -0.9704109505699254,
                0.2414592863903946,
                0.0,
                -8.41904,
                145.91499999999994,
                2.111270000000029,
                1.0
            ],
            "parent": "C_jaw_JNT",
            "isLocator": false,
            "isJoint": true,
            "isCurve": false,
            "isSurface": false,
            "children": []
        },
        "C_chin_JNT": {
            "joint_matrix": [
                0.9999999999759839,
                -1.9058241313221758e-21,
                6.930525092103181e-06,
                0.0,
                -4.2681590068264736e-06,
                0.7878639750644904,
                0.6158492971315003,
                0.0,
                -5.460311048348607e-06,
                -0.6158492971462906,
                0.7878639750455689,
                0.0,
                2.2221401151448217e-16,
                140.6234741210937,
                10.765361785888684,
                1.0
            ],
            "parent": "C_jaw_JNT",
            "isLocator": false,
            "isJoint": true,
            "isCurve": false,
            "isSurface": false,
            "children": []
        },
        "L_jaw_JNT": {
            "joint_matrix": [
                1.0,
                -4.235164736271502e-22,
                8.470329472543003e-22,
                0.0,
                -4.235164736271502e-22,
                0.9999999999999999,
                0.0,
                0.0,
                0.0,
                0.0,
                1.0,
                0.0,
                8.419036865234379,
                145.91522216796875,
                2.1112680435180797,
                1.0
            ],
            "parent": "C_jaw_JNT",
            "isLocator": false,
            "isJoint": true,
            "isCurve": false,
            "isSurface": false,
            "children": []
        },
        "C_jaw_JNT": {
            "joint_matrix": [
                0.9999999999833237,
                -1.8808638510879476e-06,
                5.460311048348607e-06,
                0.0,
                -1.8808638510879476e-06,
                0.7878639750622453,
                0.6158492971462906,
                0.0,
                -5.460311048348607e-06,
                -0.6158492971462906,
                0.7878639750455689,
                0.0,
                0.0,
                145.91522216796875,
                2.1112680435180664,
                1.0
            ],
            "parent": "C_guides_GRP",
            "isLocator": false,
            "isJoint": true,
            "isCurve": false,
            "isSurface": false,
            "children": [
                "L_jaw_JNT",
                "C_chin_JNT",
                "R_jaw_JNT"
            ]
        },
        "C_neck00_JNT": {
            "joint_matrix": [
                1.0,
                0.0,
                0.0,
                0.0,
                0.0,
                1.0,
                0.0,
                0.0,
                0.0,
                0.0,
                1.0,
                0.0,
                0.0,
                0.0,
                0.0,
                1.0
            ],
            "parent": "C_guides_GRP",
            "isLocator": false,
            "isJoint": true,
            "isCurve": false,
            "isSurface": false,
            "children": []
        },
        "R_eyebrow00_JNT": {
            "joint_matrix": [
                -0.3600775382456439,
                0.9267264118444837,
                -0.10734208885989445,
                0.0,
                0.8881039802676506,
                0.3757368195823356,
                0.26475113341194273,
                0.0,
                0.285684242974151,
                3.053113317719181e-16,
                -0.9583238040016987,
                0.0,
                -2.37463,
                155.984,
                11.1752,
                1.0
            ],
            "parent": "R_eyebrowMain_JNT",
            "isLocator": false,
            "isJoint": true,
            "isCurve": false,
            "isSurface": false,
            "children": []
        },
        "R_eyebrow01_JNT": {
            "joint_matrix": [
                -0.9366474891749792,
                0.02002738653308888,
                -0.3497004215194222,
                0.0,
                0.0187623644449973,
                0.9997994317805218,
                0.007004990490989329,
                0.0,
                0.34977057438075093,
                -3.681516896891778e-14,
                -0.9368353885808113,
                0.0,
                -2.93919,
                157.437,
                11.0069,
                1.0
            ],
