{
    "giraffe": {
        "C_neck01_JNT": {
            "joint_matrix": [
                4.440892098500626e-16,
                0.8248101743319101,
                0.5654097419735213,
                0.0,
                2.220446049250312e-16,
                0.5654097419735213,
                -0.8248101743319101,
                0.0,
                -0.9999999999999998,
                3.330669073875468e-16,
                2.220446049250313e-16,
                0.0,
                0.0,
                541.6419164867231,
                241.2411639254725,
                1.0
            ],
            "parent": "C_neck00_JNT",
            "isLocator": false,
            "children": []
        },
        "C_neck00_JNT": {
            "joint_matrix": [
                4.440892098500626e-16,
                0.8248101743319101,
                0.5654097419735213,
                0.0,
                2.220446049250312e-16,
                0.5654097419735213,
                -0.8248101743319101,
                0.0,
                -0.9999999999999998,
                3.330669073875468e-16,
                2.220446049250313e-16,
                0.0,
                0.0,
                359.3045215335055,
                116.24835631840196,
                1.0
            ],
            "parent": "C_guides_GRP",
            "isLocator": false,
            "children": [
                "C_neck01_JNT"
            ]
        },
        "C_spine01_JNT": {
            "joint_matrix": [
                1.0,
                0.0,
                0.0,
                0.0,
                0.0,
                1.0,
                0.0,
                0.0,
                0.0,
                0.0,
                1.0,
                0.0,
                0.0,
                334.6333344299159,
                76.60934369910093,
                1.0
            ],
            "parent": "C_spine00_JNT",
            "isLocator": false,
            "children": []
        },
        "C_spine00_JNT": {
            "joint_matrix": [
                4.440892098500626e-16,
                0.0,
                1.0,
                0.0,
                0.0,
                1.0,
                0.0,
                0.0,
                -1.0,
                0.0,
                4.440892098500626e-16,
                0.0,
                0.0,
                334.633334429916,
                -18.722825383622464,
                1.0
            ],
            "parent": "C_guides_GRP",
            "isLocator": false,
            "children": [
                "C_spine01_JNT"
            ]
        },
        "L_tip_JNT": {
            "joint_matrix": [
                -2.2139909133962406e-16,
                0.01963456570515465,
                0.9998072233333635,
                0.0,
                1.6918892703188285e-17,
                0.9998072233333635,
                -0.019634565705154594,
                0.0,
                -1.0,
                0.0,
                -2.220446049250313e-16,
                0.0,
                21.600077371779257,
                1.2237153612635545,
                131.24414306274062,
                1.0
            ],
            "parent": "L_ball_JNT",
            "isLocator": false,
            "children": []
        },
        "L_ball_JNT": {
            "joint_matrix": [
                -2.2139909133962406e-16,
                0.01963456570515465,
                0.9998072233333635,
                0.0,
                1.6918892703188285e-17,
                0.9998072233333635,
                -0.019634565705154594,
                0.0,
                -1.0,
                0.0,
                -2.220446049250313e-16,
                0.0,
                22.218351305809822,
                10.325116309614614,
                114.0784251787515,
                1.0
            ],
            "parent": "L_ankle_JNT",
            "isLocator": false,
            "children": [
                "L_tip_JNT"
            ]
        },
        "L_ankle_JNT": {
            "joint_matrix": [
                -9.503168999912131e-17,
                -0.9265625034351735,
                0.3761408343000584,
                0.0,
                -2.0068080245061834e-16,
                0.37614083430005846,
                0.9265625034351735,
                0.0,
                -1.0,
                0.0,
                -2.220446049250313e-16,
                0.0,
                22.255397616511395,
                28.374569274627333,
                102.92792288273249,
                1.0
            ],
            "parent": "L_knee_JNT",
            "isLocator": false,
            "children": [
                "L_ball_JNT",
                "L_tip_JNT"
            ]
        },
        "L_knee_JNT": {
            "joint_matrix": [
                0.0,
                -0.9983967227939946,
                -0.05660374470131305,
                0.0,
                -2.220446049250312e-16,
                -0.05660374470131302,
                0.9983967227939946,
                0.0,
                -1.0,
                0.0,
                -2.220446049250313e-16,
                0.0,
                22.25539761651139,
                137.13371092874007,
                109.09398347525466,
                1.0
            ],
            "parent": "L_hip_JNT",
            "isLocator": false,
            "children": [
                "L_ankle_JNT",
                "L_ball_JNT",
                "L_tip_JNT"
            ]
        },
        "L_hip_JNT": {
            "joint_matrix": [
                0.0,
                -0.9983967227939946,
                -0.05660374470131305,
                0.0,
                -2.220446049250312e-16,
                -0.05660374470131302,
                0.9983967227939946,
                0.0,
                -1.0,
                0.0,
                -2.220446049250313e-16,
                0.0,
                22.25539761651139,
                303.246831967784,
                118.51170739217547,
                1.0
            ],
            "parent": "C_guides_GRP",
            "isLocator": false,
            "children": [
                "L_knee_JNT",
                "L_ankle_JNT",
                "L_ball_JNT",
                "L_tip_JNT"
            ]
        },
        "L_clavicle_JNT": {
            "joint_matrix": [
                1.0,
                0.0,
                0.0,
                0.0,
                0.0,
                1.0,
                0.0,
                0.0,
                0.0,
                0.0,
                1.0,
                0.0,
                5.534551690572673,
                167.0208740234375,
                1.8477987051010132,
                1.0
            ],
            "parent": "C_guides_GRP",
            "isLocator": false,
            "children": []
        },
        "R_clavicle_JNT": {
            "joint_matrix": [
                1.0,
                0.0,
                0.0,
                0.0,
                0.0,
                -1.0,
                -1.2246467991473532e-16,
                0.0,
                0.0,
                1.2246467991473532e-16,
                -1.0,
                0.0,
                -5.53455,
                167.021,
                1.8478,
                1.0
            ],
            "parent": "C_guides_GRP",
            "isLocator": false,
            "children": []
        },
        "R_tip_JNT": {
            "joint_matrix": [
                -2.2139909133962406e-16,
                0.01963456570515465,
                0.9998072233333635,
                0.0,
                1.6918892703188285e-17,
                0.9998072233333635,
                -0.019634565705154594,
                0.0,
                -1.0,
                0.0,
                -2.220446049250313e-16,
                0.0,
                -21.6001,
                1.2237573853910995,
                131.24376603145032,
                1.0
            ],
            "parent": "R_ball_JNT",
            "isLocator": false,
            "children": []
        },
        "R_ball_JNT": {
            "joint_matrix": [
                -2.2139909133962406e-16,
                0.01963456570515465,
                0.9998072233333635,
                0.0,
                1.6918892703188285e-17,
                0.9998072233333635,
                -0.019634565705154594,
                0.0,
                -1.0,
                0.0,
                -2.220446049250313e-16,
                0.0,
                -22.218400000000003,
                10.325122455585067,
                114.07841656278083,
                1.0
            ],
            "parent": "R_ankle_JNT",
            "isLocator": false,
            "children": [
                "R_tip_JNT"
            ]
        },
        "R_ankle_JNT": {
            "joint_matrix": [
                -9.503168999912131e-17,
                -0.9265625034351735,
                0.3761408343000584,
                0.0,
                -2.0068080245061834e-16,
                0.37614083430005846,
                0.9265625034351735,
                0.0,
                -1.0,
                0.0,
                -2.220446049250313e-16,
                0.0,
                -22.2554,
                28.374604340038715,
                102.92820795205164,
                1.0
            ],
            "parent": "R_knee_JNT",
            "isLocator": false,
            "children": [
                "R_ball_JNT",
                "R_tip_JNT"
            ]
        },
        "R_knee_JNT": {
            "joint_matrix": [
                0.0,
                -0.9983967227939946,
                -0.05660374470131305,
                0.0,
                -2.220446049250312e-16,
                -0.05660374470131302,
                0.9983967227939946,
                0.0,
                -1.0,
                0.0,
                -2.220446049250313e-16,
                0.0,
                -22.2554,
                137.13375326153516,
                109.09426895659553,
                1.0
            ],
            "parent": "R_hip_JNT",
            "isLocator": false,
            "children": [
                "R_ankle_JNT",
                "R_ball_JNT",
                "R_tip_JNT"
            ]
        },
        "R_hip_JNT": {
            "joint_matrix": [
                0.0,
                -0.9983967227939946,
                -0.05660374470131305,
                0.0,
                -2.220446049250312e-16,
                -0.05660374470131302,
                0.9983967227939946,
                0.0,
                -1.0,
                0.0,
                -2.220446049250313e-16,
                0.0,
                -22.2554,
                303.247,
                118.512,
                1.0
            ],
            "parent": "C_guides_GRP",
            "isLocator": false,
            "children": [
                "R_knee_JNT",
                "R_ankle_JNT",
                "R_ball_JNT",
                "R_tip_JNT"
            ]
        },
        "L_heel_LOCShape": {
            "locator_position": [
                1.0,
                0.0,
                0.0,
                0.0,
                0.0,
                0.9999999999823544,
                5.940630986364884e-06,
                0.0,
                0.0,
                -5.940630986364884e-06,
                0.9999999999823544,
                0.0,
                21.0,
                0.0,
                105.0,
                1.0
            ],
            "isLocator": true
        },
        "R_heel_LOCShape": {
            "locator_position": [
                1.0,
                0.0,
                0.0,
                0.0,
                0.0,
                0.9999999999823544,
                5.940630986364884e-06,
                0.0,
                0.0,
                -5.940630986364884e-06,
                0.9999999999823544,
                0.0,
                -13.0,
                -3.856462564368631e-06,
                -3.0,
                1.0
            ],
            "isLocator": true
        },
        "R_tip_LOCShape": {
            "locator_position": [
                1.0,
                0.0,
                0.0,
                0.0,
                0.0,
                0.9999999999823544,
                5.940630986364884e-06,
                0.0,
                0.0,
                -5.940630986364884e-06,
                0.9999999999823544,
                0.0,
                -13.0,
                -0.00016607479661730223,
                24.0,
                1.0
            ],
            "isLocator": true
        },
        "L_tip_LOCShape": {
            "locator_position": [
                1.0,
                0.0,
                0.0,
                0.0,
                0.0,
                0.9999999999823544,
                5.940630986364884e-06,
                0.0,
                0.0,
                -5.940630986364884e-06,
                0.9999999999823544,
                0.0,
                22.663585662841797,
                0.32347190380096436,
                127.83556365966797,
                1.0
            ],
            "isLocator": true
        },
        "R_bankOut_LOCShape": {
            "locator_position": [
                1.0,
                0.0,
                0.0,
                0.0,
                0.0,
                1.0000000000000002,
                0.0,
                0.0,
                0.0,
                0.0,
                1.0,
                0.0,
                -20.0,
                -6.993935445009924e-05,
                10.0,
                1.0
            ],
            "isLocator": true
        },
        "R_bankIn_LOCShape": {
            "locator_position": [
                1.0,
                0.0,
                0.0,
                0.0,
                0.0,
                1.0000000000000002,
                0.0,
                0.0,
                0.0,
                0.0,
                1.0,
                0.0,
                -7.0,
                -6.993935445009924e-05,
                10.0,
                1.0
            ],
            "isLocator": true
        },
        "L_bankIn_LOCShape": {
            "locator_position": [
                1.0,
                0.0,
                0.0,
                0.0,
                0.0,
                1.0000000000000002,
                0.0,
                0.0,
                0.0,
                0.0,
                1.0,
                0.0,
                10.562899589538574,
                -6.661338147750939e-16,
                115.0082015991211,
                1.0
            ],
            "isLocator": true
        },
        "L_bankOut_LOCShape": {
            "locator_position": [
                1.0,
                0.0,
                0.0,
                0.0,
                0.0,
                1.0000000000000002,
                0.0,
                0.0,
                0.0,
                0.0,
                1.0,
                0.0,
                30.679576873779297,
                0.20041024684906006,
                114.41831970214844,
                1.0
            ],
            "isLocator": true
        },
        "R_legSettings_LOCShape": {
            "locator_position": [
                0.9999999999999841,
                0.0,
                -1.7819197093101368e-07,
                0.0,
                0.0,
                1.0,
                0.0,
                0.0,
                1.7819197093101368e-07,
                0.0,
                0.9999999999999841,
                0.0,
                -30.0,
                90.0,
                2.0,
                1.0
            ],
            "isLocator": true
        },
        "L_legSettings_LOCShape": {
            "locator_position": [
                0.9999999999999841,
                0.0,
                -1.7819197093101368e-07,
                0.0,
                0.0,
                1.0,
                0.0,
                0.0,
                1.7819197093101368e-07,
                0.0,
                0.9999999999999841,
                0.0,
                30.0,
                90.0,
                2.0,
                1.0
            ],
            "isLocator": true
        },
        "R_armSettings_LOCShape": {
            "locator_position": [
                0.9999999999999841,
                0.0,
                -1.7819197093101368e-07,
                0.0,
                0.0,
                1.0,
                0.0,
                0.0,
                1.7819197093101368e-07,
                0.0,
                0.9999999999999841,
                0.0,
                -21.319,
                185.0,
                2.0,
                1.0
            ],
            "isLocator": true
        },
        "L_armSettings_LOCShape": {
            "locator_position": [
                0.9999999999999841,
                0.0,
                -1.7819197093101368e-07,
                0.0,
                0.0,
                1.0,
                0.0,
                0.0,
                1.7819197093101368e-07,
                0.0,
                0.9999999999999841,
                0.0,
                21.319440050312235,
                185.0,
                2.0,
                1.0
            ],
            "isLocator": true
        }
    }
}