{
    "jamal": {
        "R_eyeEnd_JNT": {
            "joint_matrix": [
                1.0,
                0.0,
                0.0,
                0.0,
                0.0,
                1.0,
                0.0,
                0.0,
                0.0,
                0.0,
                1.0,
                0.0,
                -5.11968,
                264.407,
                8.32178,
                1.0
            ],
            "parent": "R_eye_JNT",
            "isLocator": false,
            "children": []
        },
        "R_eye_JNT": {
            "joint_matrix": [
                1.0,
                0.0,
                0.0,
                0.0,
                0.0,
                1.0,
                0.0,
                0.0,
                0.0,
                0.0,
                1.0,
                0.0,
                -5.11968,
                264.407,
                4.89599,
                1.0
            ],
            "parent": "C_guides_GRP",
            "isLocator": false,
            "children": [
                "R_eyeEnd_JNT"
            ]
        },
        "L_eyeEnd_JNT": {
            "joint_matrix": [
                1.0,
                0.0,
                0.0,
                0.0,
                0.0,
                1.0,
                0.0,
                0.0,
                0.0,
                0.0,
                1.0,
                0.0,
                5.119678266346455,
                264.40650939941406,
                8.321783687429079,
                1.0
            ],
            "parent": "L_eye_JNT",
            "isLocator": false,
            "children": []
        },
        "L_eye_JNT": {
            "joint_matrix": [
                1.0,
                0.0,
                0.0,
                0.0,
                0.0,
                1.0,
                0.0,
                0.0,
                0.0,
                0.0,
                1.0,
                0.0,
                5.119678266346455,
                264.40650939941406,
                4.895990490913391,
                1.0
            ],
            "parent": "C_guides_GRP",
            "isLocator": false,
            "children": [
                "L_eyeEnd_JNT"
            ]
        },
        "L_upperEyelid13_JNT": {
            "joint_matrix": [
                0.20927064805240342,
                0.9768638815763592,
                -0.044076668831655445,
                0.0,
                -0.9558918062683439,
                0.21386200427277466,
                0.20133032021400665,
                0.0,
                0.20609864282127055,
                -3.2674268448416166e-16,
                0.9785312204662814,
                0.0,
                8.496832847595181,
                263.5621643066407,
                7.302546501159663,
                1.0
            ],
            "parent": "L_upperEyelid12_JNT",
            "isLocator": false,
            "children": []
        },
        "L_upperEyelid12_JNT": {
            "joint_matrix": [
                0.9999999999999999,
                1.3713030794832944e-16,
                1.1102230246251565e-16,
                0.0,
                -5.551115123125783e-17,
                0.9999999999999998,
                -2.55351295663786e-15,
                0.0,
                -6.661338147750939e-16,
                2.5020234726592554e-15,
                1.0,
                0.0,
                8.592322349548333,
                264.0079040527343,
                7.28243446350097,
                1.0
            ],
            "parent": "L_upperEyelid11_JNT",
            "isLocator": false,
            "children": [
                "L_upperEyelid13_JNT"
            ]
        },
        "L_upperEyelid11_JNT": {
            "joint_matrix": [
                0.9999999999999999,
                1.3713030794832944e-16,
                1.1102230246251565e-16,
                0.0,
                -5.551115123125783e-17,
                0.9999999999999998,
                -2.55351295663786e-15,
                0.0,
                -6.661338147750939e-16,
                2.5020234726592554e-15,
                1.0,
                0.0,
                8.522159576416033,
                264.513427734375,
                7.372588634490938,
                1.0
            ],
            "parent": "L_upperEyelid10_JNT",
            "isLocator": false,
            "children": [
                "L_upperEyelid12_JNT",
                "L_upperEyelid13_JNT"
            ]
        },
        "L_upperEyelid10_JNT": {
            "joint_matrix": [
                0.4186626645849156,
                -0.819224029783885,
                -0.39191014570601546,
                0.0,
                0.5980720040595381,
                0.5734736166770461,
                -0.5598552392677559,
                0.0,
                0.6833969938790088,
                1.9064533433335627e-15,
                0.7300469496937394,
                0.0,
                8.221781730651896,
                265.10119628906284,
                7.653772354126018,
                1.0
            ],
            "parent": "L_upperEyelid09_JNT",
            "isLocator": false,
            "children": [
                "L_upperEyelid11_JNT",
                "L_upperEyelid12_JNT",
                "L_upperEyelid13_JNT"
            ]
        },
        "L_upperEyelid09_JNT": {
            "joint_matrix": [
                0.6416884750733227,
                -0.627912431285933,
                -0.440411034823904,
                0.0,
                0.5177084104433424,
                0.7782839961328949,
                -0.3553196070014145,
                0.0,
                0.5658744584395917,
                -8.369837204211723e-16,
                0.8244914173511441,
                0.0,
                7.6364307403564196,
                265.6739807128906,
                8.055517196655325,
                1.0
            ],
            "parent": "L_upperEyelid08_JNT",
            "isLocator": false,
            "children": [
                "L_upperEyelid10_JNT",
                "L_upperEyelid11_JNT",
                "L_upperEyelid12_JNT",
                "L_upperEyelid13_JNT"
            ]
        },
        "L_upperEyelid08_JNT": {
            "joint_matrix": [
                0.8226695509349938,
                -0.4658945184099252,
                -0.3258175987880325,
                0.0,
                0.4331598014159935,
                0.8848402667801593,
                -0.17155258296415526,
                0.0,
                0.3682219390553372,
                -1.6100887975384466e-16,
                0.929737921996477,
                0.0,
                6.836524963378871,
                266.12698364257807,
                8.372319221496571,
                1.0
            ],
            "parent": "L_upperEyelid07_JNT",
            "isLocator": false,
            "children": [
                "L_upperEyelid09_JNT",
                "L_upperEyelid10_JNT",
                "L_upperEyelid11_JNT",
                "L_upperEyelid12_JNT",
                "L_upperEyelid13_JNT"
            ]
        },
        "L_upperEyelid07_JNT": {
            "joint_matrix": [
                0.944058384541692,
                -0.27631197877822994,
                -0.18001515758454778,
                0.0,
                0.27142162860579494,
                0.9610679946724157,
                -0.05175528128914909,
                0.0,
                0.18730741069564866,
                8.136587323270822e-15,
                0.9823013457684415,
                0.0,
                5.981113910675043,
                266.37734985351557,
                8.535430908203125,
                1.0
            ],
            "parent": "L_upperEyelid06_JNT",
            "isLocator": false,
            "children": [
                "L_upperEyelid08_JNT",
                "L_upperEyelid09_JNT",
                "L_upperEyelid10_JNT",
                "L_upperEyelid11_JNT",
                "L_upperEyelid12_JNT",
                "L_upperEyelid13_JNT"
            ]
        },
        "L_upperEyelid06_JNT": {
            "joint_matrix": [
                0.9978865266951057,
                -0.019895676111456914,
                -0.06185985703544662,
                0.0,
                0.019857557707366965,
                0.9998020614461982,
                -0.0012309873397354488,
                0.0,
                0.061872103910215054,
                3.36785870381207e-15,
                0.998084086015664,
                0.0,
                5.105588912963836,
                266.394805908203,
                8.589705467224126,
                1.0
            ],
            "parent": "L_upperEyelid05_JNT",
            "isLocator": false,
            "children": [
                "L_upperEyelid07_JNT",
                "L_upperEyelid08_JNT",
                "L_upperEyelid09_JNT",
                "L_upperEyelid10_JNT",
                "L_upperEyelid11_JNT",
                "L_upperEyelid12_JNT",
                "L_upperEyelid13_JNT"
            ]
        },
        "L_upperEyelid05_JNT": {
            "joint_matrix": [
                0.9567724353685123,
                0.28852364009260195,
                -0.03661442375240166,
                0.0,
                -0.2883126015356205,
                0.957472771992872,
                0.011033344372758007,
                0.0,
                0.038240694485956774,
                -6.464723822431098e-16,
                0.9992685571382859,
                0.0,
                4.239626884460425,
                266.13366699218767,
                8.622844696044918,
                1.0
            ],
            "parent": "L_upperEyelid04_JNT",
            "isLocator": false,
            "children": [
                "L_upperEyelid06_JNT",
                "L_upperEyelid07_JNT",
                "L_upperEyelid08_JNT",
                "L_upperEyelid09_JNT",
                "L_upperEyelid10_JNT",
                "L_upperEyelid11_JNT",
                "L_upperEyelid12_JNT",
                "L_upperEyelid13_JNT"
            ]
        },
        "L_upperEyelid04_JNT": {
            "joint_matrix": [
                0.801360113479766,
                0.5981794725739988,
                -0.0018130402060412137,
                0.0,
                -0.5981779416301286,
                0.8013621644369617,
                0.0013533499363152651,
                0.0,
                0.0022624479748372672,
                -1.0739096953325413e-15,
                0.9999974406613055,
                0.0,
                3.5605547428128856,
                265.6267700195312,
                8.624381065368617,
                1.0
            ],
            "parent": "L_upperEyelid03_JNT",
            "isLocator": false,
            "children": [
                "L_upperEyelid05_JNT",
                "L_upperEyelid06_JNT",
                "L_upperEyelid07_JNT",
                "L_upperEyelid08_JNT",
                "L_upperEyelid09_JNT",
                "L_upperEyelid10_JNT",
                "L_upperEyelid11_JNT",
                "L_upperEyelid12_JNT",
                "L_upperEyelid13_JNT"
            ]
        },
        "L_upperEyelid03_JNT": {
            "joint_matrix": [
                0.554772032001649,
                0.82839044794252,
                0.07744196708730702,
                0.0,
                -0.8204354933768184,
                0.560151109753065,
                -0.11452657093419846,
                0.0,
                -0.13825192120291713,
                1.7684519824183738e-16,
                0.9903970952520522,
                0.0,
                3.172731161117648,
                265.04766845703136,
                8.570243835449283,
                1.0
            ],
            "parent": "L_upperEyelid02_JNT",
            "isLocator": false,
            "children": [
                "L_upperEyelid04_JNT",
                "L_upperEyelid05_JNT",
                "L_upperEyelid06_JNT",
                "L_upperEyelid07_JNT",
                "L_upperEyelid08_JNT",
                "L_upperEyelid09_JNT",
                "L_upperEyelid10_JNT",
                "L_upperEyelid11_JNT",
                "L_upperEyelid12_JNT",
                "L_upperEyelid13_JNT"
            ]
        },
        "L_upperEyelid02_JNT": {
            "joint_matrix": [
                0.36859524987362496,
                0.9124357885383954,
                0.1777595948603507,
                0.0,
                -0.8218551742224232,
                0.409219906400356,
                -0.3963497707953343,
                0.0,
                -0.43438648042317124,
                -6.88793396861578e-16,
                0.9007265876088981,
                0.0,
                2.9725961685180082,
                264.5522460937501,
                8.473726272582986,
                1.0
            ],
            "parent": "L_upperEyelid01_JNT",
            "isLocator": false,
            "children": [
                "L_upperEyelid03_JNT",
                "L_upperEyelid04_JNT",
                "L_upperEyelid05_JNT",
                "L_upperEyelid06_JNT",
                "L_upperEyelid07_JNT",
                "L_upperEyelid08_JNT",
                "L_upperEyelid09_JNT",
                "L_upperEyelid10_JNT",
                "L_upperEyelid11_JNT",
                "L_upperEyelid12_JNT",
                "L_upperEyelid13_JNT"
            ]
        },
        "L_upperEyelid01_JNT": {
            "joint_matrix": [
                0.24432267148201653,
                0.9462662248339745,
                0.2118647302840852,
                0.0,
                -0.7149115401783301,
                0.32338866977440256,
                -0.6199364951197743,
                0.0,
                -0.6551396201724776,
                -4.836325084484176e-16,
                0.7555078279410887,
                0.0,
                2.8570270538330043,
                264.1046447753906,
                8.373510360717736,
                1.0
            ],
            "parent": "L_upperEyelid00_JNT",
            "isLocator": false,
            "children": [
                "L_upperEyelid02_JNT",
                "L_upperEyelid03_JNT",
                "L_upperEyelid04_JNT",
                "L_upperEyelid05_JNT",
                "L_upperEyelid06_JNT",
                "L_upperEyelid07_JNT",
                "L_upperEyelid08_JNT",
                "L_upperEyelid09_JNT",
                "L_upperEyelid10_JNT",
                "L_upperEyelid11_JNT",
                "L_upperEyelid12_JNT",
                "L_upperEyelid13_JNT"
            ]
        },
        "L_upperEyelid00_JNT": {
            "joint_matrix": [
                0.1714949172440381,
                -0.9753940566471899,
                -0.13854936887910757,
                0.0,
                0.7587251438458358,
                0.22046866955950573,
                -0.6129679615108584,
                0.0,
                0.6284311015979208,
                7.216449660063516e-16,
                0.7778652521770231,
                0.0,
                2.8263468742370605,
                263.60296630859375,
                8.289545059204102,
                1.0
            ],
            "parent": "C_guides_GRP",
            "isLocator": false,
            "children": [
                "L_upperEyelid01_JNT",
                "L_upperEyelid02_JNT",
                "L_upperEyelid03_JNT",
                "L_upperEyelid04_JNT",
                "L_upperEyelid05_JNT",
                "L_upperEyelid06_JNT",
                "L_upperEyelid07_JNT",
                "L_upperEyelid08_JNT",
                "L_upperEyelid09_JNT",
                "L_upperEyelid10_JNT",
                "L_upperEyelid11_JNT",
                "L_upperEyelid12_JNT",
                "L_upperEyelid13_JNT"
            ]
        },
        "C_chin_JNT": {
            "joint_matrix": [
                0.9999999999759839,
                5.293955920339377e-21,
                6.930525092103187e-06,
                0.0,
                -4.268159006826483e-06,
                0.7878639750644904,
                0.6158492971315003,
                0.0,
                -5.460311048348607e-06,
                -0.6158492971462906,
                0.7878639750455689,
                0.0,
                -0.00013971168664284072,
                243.63833618164057,
                16.05961036682117,
                1.0
            ],
            "parent": "C_jaw_JNT",
            "isLocator": false,
            "children": []
        },
        "R_jaw_JNT": {
            "joint_matrix": [
                0.999999999975984,
                -6.725459457609135e-06,
                1.673438068020252e-06,
                0.0,
                6.725459457618552e-06,
                0.999999999977384,
                0.0,
                0.0,
                -1.6734380679824067e-06,
                1.125471937868383e-11,
                0.9999999999985999,
                0.0,
                -12.8064,
                248.627,
                2.060319999999616,
                1.0
            ],
            "parent": "C_jaw_JNT",
            "isLocator": false,
            "children": []
        },
        "L_jaw_JNT": {
            "joint_matrix": [
                0.9999999999141252,
                -4.268146075070417e-06,
                1.2390819596475098e-05,
                0.0,
                4.268146075398066e-06,
                0.9999999999908914,
                -5.551115123125783e-17,
                0.0,
                -1.2390819596362237e-05,
                5.288591786722918e-11,
                0.9999999999232339,
                0.0,
                12.80631542205809,
                248.6265716552732,
                2.0603196620938324,
                1.0
            ],
            "parent": "C_jaw_JNT",
            "isLocator": false,
            "children": []
        },
        "C_jaw_JNT": {
            "joint_matrix": [
                0.9999999999833237,
                -1.8808638510879476e-06,
                5.460311048348607e-06,
                0.0,
                -1.8808638510879476e-06,
                0.7878639750622453,
                0.6158492971462906,
                0.0,
                -5.460311048348607e-06,
                -0.6158492971462906,
                0.7878639750455689,
                0.0,
                -6.556510925292969e-05,
                252.00106811523438,
                5.361059188842773,
                1.0
            ],
            "parent": "C_guides_GRP",
            "isLocator": false,
            "children": [
                "L_jaw_JNT",
                "R_jaw_JNT",
                "C_chin_JNT"
            ]
        },
        "R_pinky04End_JNT": {
            "joint_matrix": [
                -0.09054594997580162,
                0.985762564202788,
                -0.14168132537255507,
                0.0,
                0.9504985808937347,
                0.12800179676929546,
                0.2831395199240624,
                0.0,
                0.29724380340383233,
                -0.1090307618985404,
                -0.9485559626600042,
                0.0,
                -69.44979999999994,
                114.99000000000007,
                5.477700000000002,
                1.0
            ],
            "parent": "R_pinky03_JNT",
            "isLocator": false,
            "children": []
        },
        "R_pinky03_JNT": {
            "joint_matrix": [
                -0.09054594997580162,
                0.985762564202788,
                -0.14168132537255507,
                0.0,
                0.9504985808937347,
                0.12800179676929546,
                0.2831395199240624,
                0.0,
                0.29724380340383233,
                -0.1090307618985404,
                -0.9485559626600042,
                0.0,
                -69.83429999999991,
                119.1759999999998,
                4.87610000000003,
                1.0
            ],
            "parent": "R_pinky02_JNT",
            "isLocator": false,
            "children": [
                "R_pinky04End_JNT"
            ]
        },
        "R_pinky02_JNT": {
            "joint_matrix": [
                -0.009250005019439914,
                0.9930832362405685,
                -0.11704752583929084,
                0.0,
                0.954756806074282,
                0.04356579917530405,
                0.2941793031418983,
                0.0,
                0.29724380340383233,
                -0.1090307618985404,
                -0.9485559626600042,
                0.0,
                -69.86569999999998,
                122.54300000000002,
                4.479290000000023,
                1.0
            ],
            "parent": "R_pinky01_JNT",
            "isLocator": false,
            "children": [
                "R_pinky03_JNT",
                "R_pinky04End_JNT"
            ]
        },
        "R_pinky01_JNT": {
            "joint_matrix": [
                0.09497682225459422,
                0.9919078084692601,
                -0.08425142569790026,
                0.0,
                0.9500660632674146,
                -0.0650476168474553,
                0.3051938449084836,
                0.0,
                0.29724380340383233,
                -0.1090307618985404,
                -0.9485559626600042,
                0.0,
                -69.30819999999996,
                128.364,
                3.984810000000013,
                1.0
            ],
            "parent": "R_pinky00_JNT",
            "isLocator": false,
            "children": [
                "R_pinky02_JNT",
                "R_pinky03_JNT",
                "R_pinky04End_JNT"
            ]
        },
        "R_pinky00_JNT": {
            "joint_matrix": [
                0.10522247842096355,
                0.9894029703042359,
                -0.10004994946578022,
                0.0,
                0.9495442499950245,
                -0.07007010723011509,
                0.30570557301780843,
                0.0,
                0.29545549129494325,
                -0.127168952287559,
                -0.9468548517263604,
                0.0,
                -68.7635,
                133.486,
                3.46686,
                1.0
            ],
            "parent": "C_guides_GRP",
            "isLocator": false,
            "children": [
                "R_pinky01_JNT",
                "R_pinky02_JNT",
                "R_pinky03_JNT",
                "R_pinky04End_JNT"
            ]
        },
        "R_ring04End_JNT": {
            "joint_matrix": [
                0.06591369402078885,
                0.9776259599698185,
                -0.19975702073675597,
                0.0,
                0.9662743539762874,
                -0.012593643956509989,
                0.25720667366848327,
                0.0,
                0.24893625245882284,
                -0.20997352815292594,
                -0.9454849864946401,
                0.0,
                -72.16300000000003,
                112.33600000000006,
                10.03379999999999,
                1.0
            ],
            "parent": "R_ring03_JNT",
            "isLocator": false,
            "children": []
        },
        "R_ring03_JNT": {
            "joint_matrix": [
                0.06591369402078885,
                0.9776259599698185,
                -0.19975702073675597,
                0.0,
                0.9662743539762874,
                -0.012593643956509989,
                0.25720667366848327,
                0.0,
                0.24893625245882284,
                -0.20997352815292594,
                -0.9454849864946401,
                0.0,
                -71.87579999999998,
                116.59500000000011,
                9.16341000000002,
                1.0
            ],
            "parent": "R_ring02_JNT",
            "isLocator": false,
            "children": [
                "R_ring04End_JNT"
            ]
        },
        "R_ring02_JNT": {
            "joint_matrix": [
                0.012526919619678126,
                0.9768327837521041,
                -0.21363704938974698,
                0.0,
                0.9684388511199693,
                0.041337996452141174,
                0.2457994338698874,
                0.0,
                0.24893627282153252,
                -0.20997352841831712,
                -0.9454849810744145,
                0.0,
                -71.81010000000005,
                121.7179999999998,
                8.042980000000053,
                1.0
            ],
            "parent": "R_ring01_JNT",
            "isLocator": false,
            "children": [
                "R_ring03_JNT",
                "R_ring04End_JNT"
            ]
        },
        "R_ring01_JNT": {
            "joint_matrix": [
                0.10385530456209649,
                0.9763748205096466,
                -0.189489539524137,
                0.0,
                0.9629355159033434,
                -0.051022810960564186,
                0.2648619734383266,
                0.0,
                0.24893627282153252,
                -0.20997352841831712,
                -0.9454849810744145,
                0.0,
                -71.07420000000009,
                128.63699999999957,
                6.700220000000018,
                1.0
            ],
            "parent": "R_ring00_JNT",
            "isLocator": false,
            "children": [
                "R_ring02_JNT",
                "R_ring03_JNT",
                "R_ring04End_JNT"
            ]
        },
        "R_ring00_JNT": {
            "joint_matrix": [
                0.3670100045273297,
                0.9239896734736862,
                -0.107455757830096,
                0.0,
                0.9205571817821804,
                -0.3441630085656906,
                0.18473304686563866,
                0.0,
                0.13370913075066854,
                -0.16671804596084708,
                -0.9768965971406072,
                0.0,
                -69.8687,
                134.3,
                6.03604,
                1.0
            ],
            "parent": "C_guides_GRP",
            "isLocator": false,
            "children": [
                "R_ring01_JNT",
                "R_ring02_JNT",
                "R_ring03_JNT",
                "R_ring04End_JNT"
            ]
        },
        "R_middle04End_JNT": {
            "joint_matrix": [
                0.08126564488716638,
                0.961197973181176,
                -0.2636178129669395,
                0.0,
                0.9911203819404153,
                -0.05000482928218939,
                0.12320675935493365,
                0.0,
                0.10524392364102725,
                -0.27128946422752664,
                -0.9567265769987701,
                0.0,
                -73.6536,
                111.96000000000002,
                15.033600000000002,
                1.0
            ],
            "parent": "R_middle03_JNT",
            "isLocator": false,
            "children": []
        },
        "R_middle03_JNT": {
            "joint_matrix": [
                0.08126564488716638,
                0.961197973181176,
                -0.2636178129669395,
                0.0,
                0.9911203819404153,
                -0.05000482928218939,
                0.12320675935493365,
                0.0,
                0.10524392364102725,
                -0.27128946422752664,
                -0.9567265769987701,
                0.0,
                -73.25960000000005,
                116.61899999999991,
                13.755700000000097,
                1.0
            ],
            "parent": "R_middle02_JNT",
            "isLocator": false,
            "children": [
                "R_middle04End_JNT"
            ]
        },
        "R_middle02_JNT": {
            "joint_matrix": [
                0.06675481452713333,
                0.9618267463619075,
                -0.26539235995091304,
                0.0,
                0.9922033618538539,
                -0.03593517193514642,
                0.1193362985176842,
                0.0,
                0.10524392364102725,
                -0.27128946422752664,
                -0.9567265769987701,
                0.0,
                -72.90340000000002,
                121.75200000000005,
                12.339399999999976,
                1.0
            ],
            "parent": "R_middle01_JNT",
            "isLocator": false,
            "children": [
                "R_middle03_JNT",
                "R_middle04End_JNT"
            ]
        },
        "R_middle01_JNT": {
            "joint_matrix": [
                0.20313985389684275,
                0.9476479157574178,
                -0.24636888504718157,
                0.0,
                0.9734772294693961,
                -0.16842046894532628,
                0.15484388701148483,
                0.0,
                0.10524392364102725,
                -0.27128946422752664,
                -0.9567265769987701,
                0.0,
                -71.32230000000021,
                129.12800000000001,
                10.421799999999973,
                1.0
            ],
            "parent": "R_middle00_JNT",
            "isLocator": false,
            "children": [
                "R_middle02_JNT",
                "R_middle03_JNT",
                "R_middle04End_JNT"
            ]
        },
        "R_middle00_JNT": {
            "joint_matrix": [
                0.25082077105492695,
                0.9382068651070783,
                -0.23844667972811173,
                0.0,
                0.9622955145609138,
                -0.2148718335778108,
                0.16678560426744315,
                0.0,
                0.10524392364102725,
                -0.27128946422752664,
                -0.9567265769987701,
                0.0,
                -69.7622,
                134.963,
                8.93872,
                1.0
            ],
            "parent": "C_guides_GRP",
            "isLocator": false,
            "children": [
                "R_middle01_JNT",
                "R_middle02_JNT",
                "R_middle03_JNT",
                "R_middle04End_JNT"
            ]
        },
        "R_index04End_JNT": {
            "joint_matrix": [
                0.023561142166223906,
                0.9252870250034239,
                -0.37853506302605094,
                0.0,
                0.9957144709165494,
                -0.05559030304678344,
                -0.07390812279136309,
                0.0,
                -0.08942910592865953,
                -0.37517148021602087,
                -0.9226314515803808,
                0.0,
                -73.36779999999986,
                114.84000000000005,
                19.867599999999957,
                1.0
            ],
            "parent": "R_index03_JNT",
            "isLocator": false,
            "children": []
        },
        "R_index03_JNT": {
            "joint_matrix": [
                0.023561142166223906,
                0.9252870250034239,
                -0.37853506302605094,
                0.0,
                0.9957144709165494,
                -0.05559030304678344,
                -0.07390812279136309,
                0.0,
                -0.08942910592865953,
                -0.37517148021602087,
                -0.9226314515803808,
                0.0,
                -73.25950000000006,
                119.0939999999999,
                18.127099999999974,
                1.0
            ],
            "parent": "R_index02_JNT",
            "isLocator": false,
            "children": [
                "R_index04End_JNT"
            ]
        },
        "R_index02_JNT": {
            "joint_matrix": [
                0.051413014250436706,
                0.9233692605014212,
                -0.3804548734432814,
                0.0,
                0.9946653391862438,
                -0.08145900314623722,
                -0.06328739074994588,
                0.0,
                -0.08942910592865953,
                -0.37517148021602087,
                -0.9226314515803808,
                0.0,
                -73.03529999999996,
                123.1199999999998,
                16.468500000000038,
                1.0
            ],
            "parent": "R_index01_JNT",
            "isLocator": false,
            "children": [
                "R_index03_JNT",
                "R_index04End_JNT"
            ]
        },
        "R_index01_JNT": {
            "joint_matrix": [
                0.24919427386828577,
                0.8884526146143311,
                -0.3854272505366179,
                0.0,
                0.964315637581419,
                -0.26438288904064666,
                0.014037061603581737,
                0.0,
                -0.08942910592865953,
                -0.37517148021602087,
                -0.9226314515803808,
                0.0,
                -71.17450000000002,
                129.754,
                13.590399999999969,
                1.0
            ],
            "parent": "R_index00_JNT",
            "isLocator": false,
            "children": [
                "R_index02_JNT",
                "R_index03_JNT",
                "R_index04End_JNT"
            ]
        },
        "R_index00_JNT": {
            "joint_matrix": [
                0.27563389877096023,
                0.8759649136546159,
                -0.3958679374417453,
                0.0,
                0.9554788787037676,
                -0.29477233052400087,
                0.013014818801678738,
                0.0,
                -0.10529038987158962,
                -0.38183077822971623,
                -0.9182152201946874,
                0.0,
                -69.3193,
                135.65,
                10.9259,
                1.0
            ],
            "parent": "C_guides_GRP",
            "isLocator": false,
            "children": [
                "R_index01_JNT",
                "R_index02_JNT",
                "R_index03_JNT",
                "R_index04End_JNT"
            ]
        },
        "R_thumb03End_JNT": {
            "joint_matrix": [
                -0.19509539430148803,
                0.6050654884186428,
                -0.7719025468587702,
                0.0,
                -0.06204594578325408,
                -0.7930634456958587,
                -0.6059708505471804,
                0.0,
                -0.9788197422070155,
                -0.07032869845035515,
                0.1922648861338715,
                0.0,
                -63.693400000000025,
                130.016,
                21.977300000000028,
                1.0
            ],
            "parent": "R_thumb02_JNT",
            "isLocator": false,
            "children": []
        },
        "R_thumb02_JNT": {
            "joint_matrix": [
                -0.19509539430148803,
                0.6050654884186428,
                -0.7719025468587702,
                0.0,
                -0.06204594578325408,
                -0.7930634456958587,
                -0.6059708505471804,
                0.0,
                -0.9788197422070155,
                -0.07032869845035515,
                0.1922648861338715,
                0.0,
                -64.6895,
                133.106,
                18.03610000000001,
                1.0
            ],
            "parent": "R_thumb01_JNT",
            "isLocator": false,
            "children": [
                "R_thumb03End_JNT"
            ]
        },
        "R_thumb01_JNT": {
            "joint_matrix": [
                -0.20365857931559717,
                0.4301907890328954,
                -0.8794652171077646,
                0.0,
                -0.02085893901770183,
                -0.8999943106517585,
                -0.4354022800325257,
                0.0,
                -0.9788197422070155,
                -0.07032869845035515,
                0.1922648861338715,
                0.0,
                -65.5847,
                134.99700000000004,
                14.170700000000004,
                1.0
            ],
            "parent": "R_thumb00_JNT",
            "isLocator": false,
            "children": [
                "R_thumb02_JNT",
                "R_thumb03End_JNT"
            ]
        },
        "R_thumb00_JNT": {
            "joint_matrix": [
                -0.20365857931559717,
                0.4301907890328954,
                -0.8794652171077646,
                0.0,
                -0.02085893901770183,
                -0.8999943106517585,
                -0.4354022800325257,
                0.0,
                -0.9788197422070155,
                -0.07032869845035515,
                0.1922648861338715,
                0.0,
                -66.412,
                136.744,
                10.5979,
                1.0
            ],
            "parent": "C_guides_GRP",
            "isLocator": false,
            "children": [
                "R_thumb01_JNT",
                "R_thumb02_JNT",
                "R_thumb03End_JNT"
            ]
        },
        "R_clavicle_JNT": {
            "joint_matrix": [
                1.0,
                0.0,
                0.0,
                0.0,
                0.0,
                -1.0,
                -1.2246467991473532e-16,
                0.0,
                0.0,
                1.2246467991473532e-16,
                -1.0,
                0.0,
                -3.44785,
                211.755,
                -11.6846,
                1.0
            ],
            "parent": "C_guides_GRP",
            "isLocator": false,
            "children": []
        },
        "R_wrist_JNT": {
            "joint_matrix": [
                0.48697499290454666,
                0.7637871681284446,
                -0.42365613188994233,
                0.0,
                0.8301305140602786,
                -0.5555527169919585,
                -0.04737624160769448,
                0.0,
                -0.2715486805558708,
                -0.3286188376298359,
                -0.9045833149263707,
                0.0,
                -67.25079999999996,
                140.86099999999996,
                3.365599999999951,
                1.0
            ],
            "parent": "R_elbow_JNT",
            "isLocator": false,
            "children": []
        },
        "R_elbow_JNT": {
            "joint_matrix": [
                0.48697499290454666,
                0.7637871681284446,
                -0.42365613188994233,
                0.0,
                0.8301305140602786,
                -0.5555527169919585,
                -0.04737624160769448,
                0.0,
                -0.2715486805558708,
                -0.3286188376298359,
                -0.9045833149263707,
                0.0,
                -46.579899999999924,
                173.28199999999936,
                -14.617600000000078,
                1.0
            ],
            "parent": "R_shoulder_JNT",
            "isLocator": false,
            "children": [
                "R_wrist_JNT"
            ]
        },
        "R_shoulder_JNT": {
            "joint_matrix": [
                0.5575536161990711,
                0.8277391521492667,
                0.0631019893707972,
                0.0,
                0.8301305140602786,
                -0.5555527169919585,
                -0.04737624160769448,
                0.0,
                -0.004158688417827773,
                0.07879768170489705,
                -0.9968819542295755,
                0.0,
                -20.6649,
                211.755,
                -11.6846,
                1.0
            ],
            "parent": "C_guides_GRP",
