{
    "jamal": {
        "R_outSocket_JNT": {
            "joint_matrix": [
                1.0,
                0.0,
                0.0,
                0.0,
                0.0,
                1.0,
                0.0,
                0.0,
                0.0,
                0.0,
                1.0,
                0.0,
                -9.09648,
                264.008,
                7.19256,
                1.0
            ],
            "parent": "C_guides_GRP",
            "isLocator": false,
            "isJoint": true,
            "isCurve": false,
            "isSurface": false,
            "children": []
        },
        "R_downOutSocket_JNT": {
            "joint_matrix": [
                1.0,
                0.0,
                0.0,
                0.0,
                0.0,
                1.0,
                0.0,
                0.0,
                0.0,
                0.0,
                1.0,
                0.0,
                -8.21519,
                262.324,
                7.61193,
                1.0
            ],
            "parent": "C_guides_GRP",
            "isLocator": false,
            "isJoint": true,
            "isCurve": false,
            "isSurface": false,
            "children": []
        },
        "R_lowerSocket_JNT": {
            "joint_matrix": [
                1.0,
                0.0,
                0.0,
                0.0,
                0.0,
                1.0,
                0.0,
                0.0,
                0.0,
                0.0,
                1.0,
                0.0,
                -5.69378,
                261.52,
                8.71756,
                1.0
            ],
            "parent": "C_guides_GRP",
            "isLocator": false,
            "isJoint": true,
            "isCurve": false,
            "isSurface": false,
            "children": []
        },
        "R_downInSocket_JNT": {
            "joint_matrix": [
                1.0,
                0.0,
                0.0,
                0.0,
                0.0,
                1.0,
                0.0,
                0.0,
                0.0,
                0.0,
                1.0,
                0.0,
                -3.40158,
                262.069,
                8.82288,
                1.0
            ],
            "parent": "C_guides_GRP",
            "isLocator": false,
            "isJoint": true,
            "isCurve": false,
            "isSurface": false,
            "children": []
        },
        "R_inSocket_JNT": {
            "joint_matrix": [
                1.0,
                0.0,
                0.0,
                0.0,
                0.0,
                1.0,
                0.0,
                0.0,
                0.0,
                0.0,
                1.0,
                0.0,
                -2.47392,
                264.092,
                8.89338,
                1.0
            ],
            "parent": "C_guides_GRP",
            "isLocator": false,
            "isJoint": true,
            "isCurve": false,
            "isSurface": false,
            "children": []
        },
        "R_upInSocket_JNT": {
            "joint_matrix": [
                1.0,
                0.0,
                0.0,
                0.0,
                0.0,
                1.0,
                0.0,
                0.0,
                0.0,
                0.0,
                1.0,
                0.0,
                -3.71387,
                266.396,
                9.03989,
                1.0
            ],
            "parent": "C_guides_GRP",
            "isLocator": false,
            "isJoint": true,
            "isCurve": false,
            "isSurface": false,
            "children": []
        },
        "R_upOutSocket_JNT": {
            "joint_matrix": [
                1.0,
                0.0,
                0.0,
                0.0,
                0.0,
                1.0,
                0.0,
                0.0,
                0.0,
                0.0,
                1.0,
                0.0,
                -7.80652,
                266.344,
                8.26415,
                1.0
            ],
            "parent": "C_guides_GRP",
            "isLocator": false,
            "isJoint": true,
            "isCurve": false,
            "isSurface": false,
            "children": []
        },
        "R_upperSocket_JNT": {
            "joint_matrix": [
                1.0,
                0.0,
                0.0,
                0.0,
                0.0,
                1.0,
                0.0,
                0.0,
                0.0,
                0.0,
                1.0,
                0.0,
                -5.79666,
                266.949,
                8.83349,
                1.0
            ],
            "parent": "C_guides_GRP",
            "isLocator": false,
            "isJoint": true,
            "isCurve": false,
            "isSurface": false,
            "children": []
        },
        "L_upInSocket_JNT": {
            "joint_matrix": [
                1.0,
                0.0,
                0.0,
                0.0,
                0.0,
                1.0,
                0.0,
                0.0,
                0.0,
                0.0,
                1.0,
                0.0,
                3.713869094848633,
                266.39593505859375,
                9.039891242980957,
                1.0
            ],
            "parent": "C_guides_GRP",
            "isLocator": false,
            "isJoint": true,
            "isCurve": false,
            "isSurface": false,
            "children": []
        },
        "L_inSocket_JNT": {
            "joint_matrix": [
                1.0,
                0.0,
                0.0,
                0.0,
                0.0,
                1.0,
                0.0,
                0.0,
                0.0,
                0.0,
                1.0,
                0.0,
                2.473916530609131,
                264.091552734375,
                8.893375396728516,
                1.0
            ],
            "parent": "C_guides_GRP",
            "isLocator": false,
            "isJoint": true,
            "isCurve": false,
            "isSurface": false,
            "children": []
        },
        "L_downInSocket_JNT": {
            "joint_matrix": [
                1.0,
                0.0,
                0.0,
                0.0,
                0.0,
                1.0,
                0.0,
                0.0,
                0.0,
                0.0,
                1.0,
                0.0,
                3.4015791416168213,
                262.0693054199219,
                8.822884559631348,
                1.0
            ],
            "parent": "C_guides_GRP",
            "isLocator": false,
            "isJoint": true,
            "isCurve": false,
            "isSurface": false,
            "children": []
        },
        "L_lowerSocket_JNT": {
            "joint_matrix": [
                1.0,
                0.0,
                0.0,
                0.0,
                0.0,
                1.0,
                0.0,
                0.0,
                0.0,
                0.0,
                1.0,
                0.0,
                5.6937785148620605,
                261.5201721191406,
                8.717557907104492,
                1.0
            ],
            "parent": "C_guides_GRP",
            "isLocator": false,
            "isJoint": true,
            "isCurve": false,
            "isSurface": false,
            "children": []
        },
        "L_downOutSocket_JNT": {
            "joint_matrix": [
                1.0,
                0.0,
                0.0,
                0.0,
                0.0,
                1.0,
                0.0,
                0.0,
                0.0,
                0.0,
                1.0,
                0.0,
                8.215189933776855,
                262.3241882324219,
                7.611931324005127,
                1.0
            ],
            "parent": "C_guides_GRP",
            "isLocator": false,
            "isJoint": true,
            "isCurve": false,
            "isSurface": false,
            "children": []
        },
        "L_outSocket_JNT": {
            "joint_matrix": [
                1.0,
                0.0,
                0.0,
                0.0,
                0.0,
                1.0,
                0.0,
                0.0,
                0.0,
                0.0,
                1.0,
                0.0,
                9.096479415893555,
                264.007568359375,
                7.192564487457275,
                1.0
            ],
            "parent": "C_guides_GRP",
            "isLocator": false,
            "isJoint": true,
            "isCurve": false,
            "isSurface": false,
            "children": []
        },
        "L_upOutSocket_JNT": {
            "joint_matrix": [
                1.0,
                0.0,
                0.0,
                0.0,
                0.0,
                1.0,
                0.0,
                0.0,
                0.0,
                0.0,
                1.0,
                0.0,
                7.806519508361816,
                266.343994140625,
                8.264148712158203,
                1.0
            ],
            "parent": "C_guides_GRP",
            "isLocator": false,
            "isJoint": true,
            "isCurve": false,
            "isSurface": false,
            "children": []
        },
        "L_upperSocket_JNT": {
            "joint_matrix": [
                1.0,
                0.0,
                0.0,
                0.0,
                0.0,
                1.0,
                0.0,
                0.0,
                0.0,
                0.0,
                1.0,
                0.0,
                5.796658039093018,
                266.9489440917969,
                8.833492279052734,
                1.0
            ],
            "parent": "C_guides_GRP",
            "isLocator": false,
            "isJoint": true,
            "isCurve": false,
            "isSurface": false,
            "children": []
        },
        "C_nose_JNT": {
            "joint_matrix": [
                1.0,
                0.0,
                0.0,
                0.0,
                0.0,
                1.0,
                0.0,
                0.0,
                0.0,
                0.0,
                1.0,
                0.0,
                -9.916970157064497e-05,
                258.3495339651281,
                12.822524168077639,
                1.0
            ],
            "parent": "C_guides_GRP",
            "isLocator": false,
            "isJoint": true,
            "isCurve": false,
            "isSurface": false,
            "children": []
        },
        "R_eyeEnd_JNT": {
            "joint_matrix": [
                1.0,
                0.0,
                0.0,
                0.0,
                0.0,
                1.0,
                0.0,
                0.0,
                0.0,
                0.0,
                1.0,
                0.0,
                -5.11968,
                264.407,
                8.32178,
                1.0
            ],
            "parent": "R_eye_JNT",
            "isLocator": false,
            "isJoint": true,
            "isCurve": false,
            "isSurface": false,
            "children": []
        },
        "R_eye_JNT": {
            "joint_matrix": [
                1.0,
                0.0,
                0.0,
                0.0,
                0.0,
                1.0,
                0.0,
                0.0,
                0.0,
                0.0,
                1.0,
                0.0,
                -5.11968,
                264.407,
                4.89599,
                1.0
            ],
            "parent": "C_guides_GRP",
            "isLocator": false,
            "isJoint": true,
            "isCurve": false,
            "isSurface": false,
            "children": [
                "R_eyeEnd_JNT"
            ]
        },
        "L_eyeEnd_JNT": {
            "joint_matrix": [
                1.0,
                0.0,
                0.0,
                0.0,
                0.0,
                1.0,
                0.0,
                0.0,
                0.0,
                0.0,
                1.0,
                0.0,
                5.119678266346455,
                264.40650939941406,
                8.321783687429079,
                1.0
            ],
            "parent": "L_eye_JNT",
            "isLocator": false,
            "isJoint": true,
            "isCurve": false,
            "isSurface": false,
            "children": []
        },
        "L_eye_JNT": {
            "joint_matrix": [
                1.0,
                0.0,
                0.0,
                0.0,
                0.0,
                1.0,
                0.0,
                0.0,
                0.0,
                0.0,
                1.0,
                0.0,
                5.119678266346455,
                264.40650939941406,
                4.895990490913391,
                1.0
            ],
            "parent": "C_guides_GRP",
            "isLocator": false,
            "isJoint": true,
            "isCurve": false,
            "isSurface": false,
            "children": [
                "L_eyeEnd_JNT"
            ]
        },
        "C_chin_JNT": {
            "joint_matrix": [
                0.9999999999759839,
                -1.9058241313221758e-21,
                6.930525092103181e-06,
                0.0,
                -4.2681590068264736e-06,
                0.7878639750644904,
                0.6158492971315003,
                0.0,
                -5.460311048348607e-06,
                -0.6158492971462906,
                0.7878639750455689,
                0.0,
                -0.00013971168664284072,
                243.63833618164057,
                16.05961036682117,
                1.0
            ],
            "parent": "C_jaw_JNT",
            "isLocator": false,
            "isJoint": true,
            "isCurve": false,
            "isSurface": false,
            "children": []
        },
        "R_jaw_JNT": {
            "joint_matrix": [
                0.999999999975984,
                -6.725459457609177e-06,
                1.6734380680202197e-06,
                0.0,
                6.725459457618594e-06,
                0.999999999977384,
                0.0,
                0.0,
                -1.6734380679823732e-06,
                1.125471937868383e-11,
                0.9999999999985999,
                0.0,
                -12.8064,
                248.627,
                2.060319999998968,
                1.0
            ],
            "parent": "C_jaw_JNT",
            "isLocator": false,
            "isJoint": true,
            "isCurve": false,
            "isSurface": false,
            "children": []
        },
        "L_jaw_JNT": {
            "joint_matrix": [
                0.9999999999141252,
                -4.268146075070413e-06,
                1.2390819596475223e-05,
                0.0,
                4.2681460753980625e-06,
                0.9999999999908914,
                -5.551115123125783e-17,
                0.0,
                -1.2390819596362361e-05,
                5.288591786722918e-11,
                0.9999999999232339,
                0.0,
                12.806315422058058,
                248.6265716552729,
                2.0603196620931836,
                1.0
            ],
            "parent": "C_jaw_JNT",
            "isLocator": false,
            "isJoint": true,
            "isCurve": false,
            "isSurface": false,
            "children": []
        },
        "C_jaw_JNT": {
            "joint_matrix": [
                0.9999999999833237,
                -1.8808638510879476e-06,
                5.460311048348607e-06,
                0.0,
                -1.8808638510879476e-06,
                0.7878639750622453,
                0.6158492971462906,
                0.0,
                -5.460311048348607e-06,
                -0.6158492971462906,
                0.7878639750455689,
                0.0,
                -6.556510925292969e-05,
                252.00106811523438,
                5.361059188842773,
                1.0
            ],
            "parent": "C_guides_GRP",
            "isLocator": false,
            "isJoint": true,
            "isCurve": false,
            "isSurface": false,
            "children": [
                "L_jaw_JNT",
                "R_jaw_JNT",
                "C_chin_JNT"
            ]
        },
        "R_pinky04End_JNT": {
            "joint_matrix": [
                -0.09054594997580162,
                0.985762564202788,
                -0.14168132537255507,
                0.0,
                0.9504985808937347,
                0.12800179676929546,
                0.2831395199240624,
                0.0,
                0.29724380340383233,
                -0.1090307618985404,
                -0.9485559626600042,
                0.0,
                -69.44979999999995,
                114.9900000000001,
                5.4777000000000005,
                1.0
            ],
            "parent": "R_pinky03_JNT",
            "isLocator": false,
            "isJoint": true,
            "isCurve": false,
            "isSurface": false,
            "children": []
        },
        "R_pinky03_JNT": {
            "joint_matrix": [
                -0.09054594997580162,
                0.985762564202788,
                -0.14168132537255507,
                0.0,
                0.9504985808937347,
                0.12800179676929546,
                0.2831395199240624,
                0.0,
                0.29724380340383233,
                -0.1090307618985404,
                -0.9485559626600042,
                0.0,
                -69.83429999999991,
                119.17599999999955,
                4.876100000000053,
                1.0
            ],
            "parent": "R_pinky02_JNT",
            "isLocator": false,
            "isJoint": true,
            "isCurve": false,
            "isSurface": false,
            "children": [
                "R_pinky04End_JNT"
            ]
        },
        "R_pinky02_JNT": {
            "joint_matrix": [
                -0.009250005019439914,
                0.9930832362405685,
                -0.11704752583929084,
                0.0,
                0.954756806074282,
                0.04356579917530405,
                0.2941793031418983,
                0.0,
                0.29724380340383233,
                -0.1090307618985404,
                -0.9485559626600042,
                0.0,
                -69.86569999999998,
                122.54300000000002,
                4.479290000000023,
                1.0
            ],
            "parent": "R_pinky01_JNT",
            "isLocator": false,
            "isJoint": true,
            "isCurve": false,
            "isSurface": false,
            "children": [
                "R_pinky03_JNT",
                "R_pinky04End_JNT"
            ]
        },
        "R_pinky01_JNT": {
            "joint_matrix": [
                0.09497682225459422,
                0.9919078084692601,
                -0.08425142569790026,
                0.0,
                0.9500660632674146,
                -0.0650476168474553,
                0.3051938449084836,
                0.0,
                0.29724380340383233,
                -0.1090307618985404,
                -0.9485559626600042,
                0.0,
                -69.30819999999996,
                128.364,
                3.984810000000013,
                1.0
            ],
            "parent": "R_pinky00_JNT",
            "isLocator": false,
            "isJoint": true,
            "isCurve": false,
            "isSurface": false,
            "children": [
                "R_pinky02_JNT",
                "R_pinky03_JNT",
                "R_pinky04End_JNT"
            ]
        },
        "R_pinky00_JNT": {
            "joint_matrix": [
                0.10522247842096355,
                0.9894029703042359,
                -0.10004994946578022,
                0.0,
                0.9495442499950245,
                -0.07007010723011509,
                0.30570557301780843,
                0.0,
                0.29545549129494325,
                -0.127168952287559,
                -0.9468548517263604,
                0.0,
                -68.7635,
                133.486,
                3.46686,
                1.0
            ],
            "parent": "C_guides_GRP",
            "isLocator": false,
            "isJoint": true,
            "isCurve": false,
            "isSurface": false,
            "children": [
                "R_pinky01_JNT",
                "R_pinky02_JNT",
                "R_pinky03_JNT",
                "R_pinky04End_JNT"
            ]
        },
        "R_ring04End_JNT": {
            "joint_matrix": [
                0.06591369402078888,
                0.9776259599698185,
                -0.19975702073675625,
                0.0,
                0.9662743539762874,
                -0.012593643956510019,
                0.25720667366848327,
                0.0,
                0.24893625245882278,
                -0.2099735281529262,
                -0.9454849864946401,
                0.0,
                -72.1630000000001,
                112.33599999999988,
                10.033799999999975,
                1.0
            ],
            "parent": "R_ring03_JNT",
            "isLocator": false,
            "isJoint": true,
            "isCurve": false,
            "isSurface": false,
            "children": []
        },
        "R_ring03_JNT": {
            "joint_matrix": [
                0.06591369402078888,
                0.9776259599698185,
                -0.19975702073675625,
                0.0,
                0.9662743539762874,
                -0.012593643956510019,
                0.25720667366848327,
                0.0,
                0.24893625245882278,
                -0.2099735281529262,
                -0.9454849864946401,
                0.0,
                -71.87579999999983,
                116.5950000000002,
                9.16340999999997,
                1.0
            ],
            "parent": "R_ring02_JNT",
            "isLocator": false,
            "isJoint": true,
            "isCurve": false,
            "isSurface": false,
            "children": [
                "R_ring04End_JNT"
            ]
        },
        "R_ring02_JNT": {
            "joint_matrix": [
                0.012526919619677876,
                0.976832783752104,
                -0.2136370493897473,
                0.0,
                0.9684388511199693,
                0.04133799645214141,
                0.24579943386988726,
                0.0,
                0.24893627282153244,
                -0.20997352841831737,
                -0.9454849810744145,
                0.0,
                -71.8100999999999,
                121.71799999999975,
                8.042980000000096,
                1.0
            ],
            "parent": "R_ring01_JNT",
            "isLocator": false,
            "isJoint": true,
            "isCurve": false,
            "isSurface": false,
            "children": [
                "R_ring03_JNT",
                "R_ring04End_JNT"
            ]
        },
        "R_ring01_JNT": {
            "joint_matrix": [
                0.10385530456209639,
                0.9763748205096465,
                -0.1894895395241373,
                0.0,
                0.9629355159033434,
                -0.0510228109605641,
                0.26486197343832657,
                0.0,
                0.24893627282153244,
                -0.20997352841831737,
                -0.9454849810744145,
                0.0,
                -71.07420000000049,
                128.6369999999998,
                6.700219999999997,
                1.0
            ],
            "parent": "R_ring00_JNT",
            "isLocator": false,
            "isJoint": true,
            "isCurve": false,
            "isSurface": false,
            "children": [
                "R_ring02_JNT",
                "R_ring03_JNT",
                "R_ring04End_JNT"
            ]
        },
        "R_ring00_JNT": {
            "joint_matrix": [
                0.3670100045273297,
                0.9239896734736862,
                -0.10745575783009619,
                0.0,
                0.9205571817821804,
                -0.3441630085656906,
                0.18473304686563866,
                0.0,
                0.13370913075066845,
                -0.16671804596084724,
                -0.9768965971406072,
                0.0,
                -69.8687,
                134.3,
                6.03604,
                1.0
            ],
            "parent": "C_guides_GRP",
            "isLocator": false,
            "isJoint": true,
            "isCurve": false,
            "isSurface": false,
            "children": [
                "R_ring01_JNT",
                "R_ring02_JNT",
                "R_ring03_JNT",
                "R_ring04End_JNT"
            ]
        },
        "R_middle04End_JNT": {
            "joint_matrix": [
                0.08126564488716638,
                0.961197973181176,
                -0.2636178129669395,
                0.0,
                0.9911203819404153,
                -0.05000482928218939,
                0.12320675935493364,
                0.0,
                0.10524392364102725,
                -0.27128946422752664,
                -0.9567265769987701,
                0.0,
                -73.65359999999998,
                111.95999999999998,
                15.033600000000042,
                1.0
            ],
            "parent": "R_middle03_JNT",
            "isLocator": false,
            "isJoint": true,
            "isCurve": false,
            "isSurface": false,
            "children": []
        },
        "R_middle03_JNT": {
            "joint_matrix": [
                0.08126564488716638,
                0.961197973181176,
                -0.2636178129669395,
                0.0,
                0.9911203819404153,
                -0.05000482928218939,
                0.12320675935493364,
                0.0,
                0.10524392364102725,
                -0.27128946422752664,
                -0.9567265769987701,
                0.0,
                -73.25960000000015,
                116.61899999999976,
                13.75570000000021,
                1.0
            ],
            "parent": "R_middle02_JNT",
            "isLocator": false,
            "isJoint": true,
            "isCurve": false,
            "isSurface": false,
            "children": [
                "R_middle04End_JNT"
            ]
        },
        "R_middle02_JNT": {
            "joint_matrix": [
                0.06675481452713333,
                0.9618267463619075,
                -0.26539235995091304,
                0.0,
                0.9922033618538539,
                -0.03593517193514642,
                0.11933629851768418,
                0.0,
                0.10524392364102725,
                -0.27128946422752664,
                -0.9567265769987701,
                0.0,
                -72.90340000000002,
                121.75200000000007,
                12.339400000000017,
                1.0
            ],
            "parent": "R_middle01_JNT",
            "isLocator": false,
            "isJoint": true,
            "isCurve": false,
            "isSurface": false,
            "children": [
                "R_middle03_JNT",
                "R_middle04End_JNT"
            ]
        },
        "R_middle01_JNT": {
            "joint_matrix": [
                0.20313985389684278,
                0.9476479157574178,
                -0.24636888504718155,
                0.0,
                0.9734772294693961,
                -0.1684204689453263,
                0.15484388701148483,
                0.0,
                0.10524392364102725,
                -0.27128946422752664,
                -0.9567265769987701,
                0.0,
                -71.32230000000047,
                129.12800000000001,
                10.421799999999967,
                1.0
            ],
            "parent": "R_middle00_JNT",
            "isLocator": false,
            "isJoint": true,
            "isCurve": false,
            "isSurface": false,
            "children": [
                "R_middle02_JNT",
                "R_middle03_JNT",
                "R_middle04End_JNT"
            ]
        },
        "R_middle00_JNT": {
            "joint_matrix": [
                0.25082077105492695,
                0.9382068651070783,
                -0.23844667972811173,
                0.0,
                0.9622955145609138,
                -0.2148718335778108,
                0.16678560426744315,
                0.0,
                0.10524392364102725,
                -0.27128946422752664,
                -0.9567265769987701,
                0.0,
                -69.7622,
                134.963,
                8.93872,
                1.0
            ],
            "parent": "C_guides_GRP",
            "isLocator": false,
            "isJoint": true,
            "isCurve": false,
            "isSurface": false,
            "children": [
                "R_middle01_JNT",
                "R_middle02_JNT",
                "R_middle03_JNT",
                "R_middle04End_JNT"
            ]
        },
        "R_index04End_JNT": {
            "joint_matrix": [
                0.023561142166223917,
                0.9252870250034239,
                -0.3785350630260509,
                0.0,
                0.9957144709165494,
                -0.05559030304678353,
                -0.07390812279136355,
                0.0,
                -0.08942910592865999,
                -0.3751714802160208,
                -0.9226314515803808,
                0.0,
                -73.36779999999976,
                114.84000000000005,
                19.867599999999925,
                1.0
            ],
            "parent": "R_index03_JNT",
            "isLocator": false,
            "isJoint": true,
            "isCurve": false,
            "isSurface": false,
            "children": []
        },
        "R_index03_JNT": {
            "joint_matrix": [
                0.023561142166223917,
                0.9252870250034239,
                -0.3785350630260509,
                0.0,
                0.9957144709165494,
                -0.05559030304678353,
                -0.07390812279136355,
                0.0,
                -0.08942910592865999,
                -0.3751714802160208,
                -0.9226314515803808,
                0.0,
                -73.25950000000003,
                119.09399999999985,
                18.12709999999982,
                1.0
            ],
            "parent": "R_index02_JNT",
            "isLocator": false,
            "isJoint": true,
            "isCurve": false,
            "isSurface": false,
            "children": [
                "R_index04End_JNT"
            ]
        },
        "R_index02_JNT": {
            "joint_matrix": [
                0.05141301425043668,
                0.9233692605014212,
                -0.3804548734432813,
                0.0,
                0.9946653391862438,
                -0.08145900314623727,
                -0.06328739074994637,
                0.0,
                -0.08942910592865999,
                -0.3751714802160208,
                -0.9226314515803808,
                0.0,
                -73.03529999999984,
                123.11999999999942,
                16.46850000000003,
                1.0
            ],
            "parent": "R_index01_JNT",
            "isLocator": false,
            "isJoint": true,
            "isCurve": false,
            "isSurface": false,
            "children": [
                "R_index03_JNT",
                "R_index04End_JNT"
            ]
        },
        "R_index01_JNT": {
            "joint_matrix": [
                0.24919427386828574,
                0.8884526146143311,
                -0.38542725053661797,
                0.0,
                0.964315637581419,
                -0.2643828890406467,
                0.014037061603581247,
                0.0,
                -0.08942910592865999,
                -0.3751714802160208,
                -0.9226314515803808,
                0.0,
                -71.17450000000002,
                129.754,
                13.590399999999969,
                1.0
            ],
            "parent": "R_index00_JNT",
            "isLocator": false,
            "isJoint": true,
            "isCurve": false,
            "isSurface": false,
            "children": [
                "R_index02_JNT",
                "R_index03_JNT",
                "R_index04End_JNT"
            ]
        },
        "R_index00_JNT": {
            "joint_matrix": [
                0.27563389877096023,
                0.8759649136546159,
                -0.3958679374417453,
                0.0,
                0.9554788787037676,
                -0.29477233052400087,
                0.013014818801678294,
                0.0,
                -0.10529038987159003,
                -0.3818307782297161,
                -0.9182152201946874,
                0.0,
                -69.3193,
                135.65,
                10.9259,
                1.0
            ],
            "parent": "C_guides_GRP",
            "isLocator": false,
            "isJoint": true,
            "isCurve": false,
            "isSurface": false,
            "children": [
                "R_index01_JNT",
                "R_index02_JNT",
                "R_index03_JNT",
                "R_index04End_JNT"
            ]
        },
        "R_thumb03End_JNT": {
            "joint_matrix": [
                -0.19509539430148803,
                0.6050654884186428,
                -0.7719025468587702,
                0.0,
                -0.06204594578325408,
                -0.7930634456958587,
                -0.6059708505471804,
                0.0,
                -0.9788197422070155,
                -0.07032869845035515,
                0.1922648861338715,
                0.0,
                -63.693400000000025,
                130.016,
                21.977300000000028,
                1.0
            ],
            "parent": "R_thumb02_JNT",
            "isLocator": false,
            "isJoint": true,
            "isCurve": false,
            "isSurface": false,
            "children": []
        },
        "R_thumb02_JNT": {
            "joint_matrix": [
                -0.19509539430148803,
                0.6050654884186428,
                -0.7719025468587702,
                0.0,
                -0.06204594578325408,
                -0.7930634456958587,
                -0.6059708505471804,
                0.0,
                -0.9788197422070155,
                -0.07032869845035515,
                0.1922648861338715,
                0.0,
                -64.6895,
                133.106,
                18.03610000000001,
                1.0
            ],
            "parent": "R_thumb01_JNT",
            "isLocator": false,
            "isJoint": true,
            "isCurve": false,
            "isSurface": false,
            "children": [
                "R_thumb03End_JNT"
            ]
        },
        "R_thumb01_JNT": {
            "joint_matrix": [
                -0.20365857931559717,
                0.4301907890328954,
                -0.8794652171077646,
                0.0,
                -0.02085893901770183,
                -0.8999943106517585,
                -0.4354022800325257,
                0.0,
                -0.9788197422070155,
                -0.07032869845035515,
                0.1922648861338715,
                0.0,
                -65.5847,
                134.99700000000004,
                14.170700000000004,
                1.0
            ],
            "parent": "R_thumb00_JNT",
            "isLocator": false,
            "isJoint": true,
            "isCurve": false,
            "isSurface": false,
            "children": [
                "R_thumb02_JNT",
                "R_thumb03End_JNT"
            ]
        },
        "R_thumb00_JNT": {
            "joint_matrix": [
                -0.20365857931559717,
                0.4301907890328954,
                -0.8794652171077646,
                0.0,
                -0.02085893901770183,
                -0.8999943106517585,
                -0.4354022800325257,
                0.0,
                -0.9788197422070155,
                -0.07032869845035515,
                0.1922648861338715,
                0.0,
                -66.412,
                136.744,
                10.5979,
                1.0
            ],
            "parent": "C_guides_GRP",
            "isLocator": false,
            "isJoint": true,
            "isCurve": false,
            "isSurface": false,
            "children": [
                "R_thumb01_JNT",
                "R_thumb02_JNT",
                "R_thumb03End_JNT"
            ]
        },
        "R_clavicle_JNT": {
            "joint_matrix": [
                1.0,
                0.0,
                0.0,
                0.0,
                0.0,
                -1.0,
                -1.2246467991473532e-16,
                0.0,
                0.0,
                1.2246467991473532e-16,
                -1.0,
                0.0,
                -3.44785,
                211.755,
                -11.6846,
                1.0
            ],
            "parent": "C_guides_GRP",
            "isLocator": false,
            "isJoint": true,
            "isCurve": false,
            "isSurface": false,
            "children": []
        },
        "R_wrist_JNT": {
            "joint_matrix": [
                0.48697499290454666,
                0.7637871681284446,
                -0.42365613188994233,
                0.0,
                0.8301305140602786,
                -0.5555527169919585,
                -0.04737624160769448,
                0.0,
                -0.2715486805558708,
                -0.3286188376298359,
                -0.9045833149263707,
                0.0,
                -67.2507999999999,
                140.86099999999996,
