{
    "jamal": {
        "C_chin_JNT": {
            "joint_matrix": [
                0.9999999999759839,
                1.5533737219696614e-17,
                6.930525092115325e-06,
                0.0,
                -4.2681590068461925e-06,
                0.7878639750644904,
                0.6158492971315003,
                0.0,
                -5.460311048348607e-06,
                -0.6158492971462906,
                0.7878639750455689,
                0.0,
                -0.00013971168664284056,
                243.63833618164062,
                16.05961036682126,
                1.0
            ],
            "parent": "C_jaw_JNT",
            "isLocator": false,
            "children": []
        },
        "R_jaw_JNT": {
            "joint_matrix": [
                0.999999999975984,
                -6.725459457609116e-06,
                1.6734380680202673e-06,
                0.0,
                6.7254594576185314e-06,
                0.999999999977384,
                0.0,
                0.0,
                -1.673438067982422e-06,
                1.125471937868383e-11,
                0.9999999999985999,
                0.0,
                -12.8064,
                248.627,
                2.0603199999999173,
                1.0
            ],
            "parent": "C_jaw_JNT",
            "isLocator": false,
            "children": []
        },
        "L_jaw_JNT": {
            "joint_matrix": [
                0.9999999999141252,
                -4.268146075070422e-06,
                1.2390819596475042e-05,
                0.0,
                4.268146075398071e-06,
                0.9999999999908914,
                -5.551115123125783e-17,
                0.0,
                -1.2390819596362181e-05,
                5.288591786722918e-11,
                0.9999999999232339,
                0.0,
                12.806315422058104,
                248.62657165527335,
                2.060319662094057,
                1.0
            ],
            "parent": "C_jaw_JNT",
            "isLocator": false,
            "children": []
        },
        "C_jaw_JNT": {
            "joint_matrix": [
                0.9999999999833237,
                -1.8808638510879476e-06,
                5.460311048348607e-06,
                0.0,
                -1.8808638510879476e-06,
                0.7878639750622453,
                0.6158492971462906,
                0.0,
                -5.460311048348607e-06,
                -0.6158492971462906,
                0.7878639750455689,
                0.0,
                -6.556510925292969e-05,
                252.00106811523438,
                5.361059188842773,
                1.0
            ],
            "parent": "C_guides_GRP",
            "isLocator": false,
            "children": [
                "L_jaw_JNT",
                "R_jaw_JNT",
                "C_chin_JNT"
            ]
        },
        "R_pinky04End_JNT": {
            "joint_matrix": [
                -0.09054594997580162,
                0.985762564202788,
                -0.14168132537255507,
                0.0,
                0.9504985808937347,
                0.12800179676929546,
                0.2831395199240624,
                0.0,
                0.29724380340383233,
                -0.1090307618985404,
                -0.9485559626600042,
                0.0,
                -69.44979999999998,
                114.98999999999998,
                5.477699999999983,
                1.0
            ],
            "parent": "R_pinky03_JNT",
            "isLocator": false,
            "children": []
        },
        "R_pinky03_JNT": {
            "joint_matrix": [
                -0.09054594997580162,
                0.985762564202788,
                -0.14168132537255507,
                0.0,
                0.9504985808937347,
                0.12800179676929546,
                0.2831395199240624,
                0.0,
                0.29724380340383233,
                -0.1090307618985404,
                -0.9485559626600042,
                0.0,
                -69.83429999999996,
                119.17599999999992,
                4.876100000000011,
                1.0
            ],
            "parent": "R_pinky02_JNT",
            "isLocator": false,
            "children": [
                "R_pinky04End_JNT"
            ]
        },
        "R_pinky02_JNT": {
            "joint_matrix": [
                -0.009250005019439914,
                0.9930832362405685,
                -0.11704752583929084,
                0.0,
                0.954756806074282,
                0.04356579917530405,
                0.2941793031418983,
                0.0,
                0.29724380340383233,
                -0.1090307618985404,
                -0.9485559626600042,
                0.0,
                -69.86569999999998,
                122.54300000000002,
                4.479290000000023,
                1.0
            ],
            "parent": "R_pinky01_JNT",
            "isLocator": false,
            "children": [
                "R_pinky03_JNT",
                "R_pinky04End_JNT"
            ]
        },
        "R_pinky01_JNT": {
            "joint_matrix": [
                0.09497682225459422,
                0.9919078084692601,
                -0.08425142569790026,
                0.0,
                0.9500660632674146,
                -0.0650476168474553,
                0.3051938449084836,
                0.0,
                0.29724380340383233,
                -0.1090307618985404,
                -0.9485559626600042,
                0.0,
                -69.30819999999996,
                128.364,
                3.984810000000013,
                1.0
            ],
            "parent": "R_pinky00_JNT",
            "isLocator": false,
            "children": [
                "R_pinky02_JNT",
                "R_pinky03_JNT",
                "R_pinky04End_JNT"
            ]
        },
        "R_pinky00_JNT": {
            "joint_matrix": [
                0.10522247842096355,
                0.9894029703042359,
                -0.10004994946578022,
                0.0,
                0.9495442499950245,
                -0.07007010723011509,
                0.30570557301780843,
                0.0,
                0.29545549129494325,
                -0.127168952287559,
                -0.9468548517263604,
                0.0,
                -68.7635,
                133.486,
                3.46686,
                1.0
            ],
            "parent": "C_guides_GRP",
            "isLocator": false,
            "children": [
                "R_pinky01_JNT",
                "R_pinky02_JNT",
                "R_pinky03_JNT",
                "R_pinky04End_JNT"
            ]
        },
        "R_ring04End_JNT": {
            "joint_matrix": [
                0.06591369402078862,
                0.9776259599698188,
                -0.19975702073675564,
                0.0,
                0.9662743539762872,
                -0.01259364395651016,
                0.25720667366848327,
                0.0,
                0.24893625245882295,
                -0.20997352815292566,
                -0.9454849864946402,
                0.0,
                -72.16300000000001,
                112.336,
                10.033800000000008,
                1.0
            ],
            "parent": "R_ring03_JNT",
            "isLocator": false,
            "children": []
        },
        "R_ring03_JNT": {
            "joint_matrix": [
                0.06591369402078862,
                0.9776259599698188,
                -0.19975702073675564,
                0.0,
                0.9662743539762872,
                -0.01259364395651016,
                0.25720667366848327,
                0.0,
                0.24893625245882295,
                -0.20997352815292566,
                -0.9454849864946402,
                0.0,
                -71.8758,
                116.59500000000003,
                9.163410000000031,
                1.0
            ],
            "parent": "R_ring02_JNT",
            "isLocator": false,
            "children": [
                "R_ring04End_JNT"
            ]
        },
        "R_ring02_JNT": {
            "joint_matrix": [
                0.01252691961967807,
                0.9768327837521045,
                -0.2136370493897466,
                0.0,
                0.9684388511199692,
                0.04133799645214082,
                0.24579943386988737,
                0.0,
                0.24893627282153252,
                -0.20997352841831682,
                -0.9454849810744146,
                0.0,
                -71.81010000000005,
                121.71799999999995,
                8.04297999999998,
                1.0
            ],
            "parent": "R_ring01_JNT",
            "isLocator": false,
            "children": [
                "R_ring03_JNT",
                "R_ring04End_JNT"
            ]
        },
        "R_ring01_JNT": {
            "joint_matrix": [
                0.10385530456209668,
                0.976374820509647,
                -0.18948953952413655,
                0.0,
                0.9629355159033433,
                -0.05102281096056485,
                0.2648619734383266,
                0.0,
                0.24893627282153252,
                -0.20997352841831682,
                -0.9454849810744146,
                0.0,
                -71.0742,
                128.63699999999983,
                6.700220000000006,
                1.0
            ],
            "parent": "R_ring00_JNT",
            "isLocator": false,
            "children": [
                "R_ring02_JNT",
                "R_ring03_JNT",
                "R_ring04End_JNT"
            ]
        },
        "R_ring00_JNT": {
            "joint_matrix": [
                0.36701000452732924,
                0.9239896734736865,
                -0.1074557578300958,
                0.0,
                0.9205571817821805,
                -0.3441630085656906,
                0.1847330468656387,
                0.0,
                0.13370913075066868,
                -0.16671804596084686,
                -0.9768965971406072,
                0.0,
                -69.8687,
                134.3,
                6.03604,
                1.0
            ],
            "parent": "C_guides_GRP",
            "isLocator": false,
            "children": [
                "R_ring01_JNT",
                "R_ring02_JNT",
                "R_ring03_JNT",
                "R_ring04End_JNT"
            ]
        },
        "R_middle04End_JNT": {
            "joint_matrix": [
                0.08126564488716638,
                0.961197973181176,
                -0.2636178129669395,
                0.0,
                0.9911203819404153,
                -0.05000482928218939,
                0.12320675935493365,
                0.0,
                0.10524392364102725,
                -0.27128946422752664,
                -0.9567265769987701,
                0.0,
                -73.65359999999998,
                111.96,
                15.03359999999998,
                1.0
            ],
            "parent": "R_middle03_JNT",
            "isLocator": false,
            "children": []
        },
        "R_middle03_JNT": {
            "joint_matrix": [
                0.08126564488716638,
                0.961197973181176,
                -0.2636178129669395,
                0.0,
                0.9911203819404153,
                -0.05000482928218939,
                0.12320675935493365,
                0.0,
                0.10524392364102725,
                -0.27128946422752664,
                -0.9567265769987701,
                0.0,
                -73.25960000000002,
                116.61899999999994,
                13.75570000000003,
                1.0
            ],
            "parent": "R_middle02_JNT",
            "isLocator": false,
            "children": [
                "R_middle04End_JNT"
            ]
        },
        "R_middle02_JNT": {
            "joint_matrix": [
                0.06675481452713333,
                0.9618267463619075,
                -0.26539235995091304,
                0.0,
                0.9922033618538539,
                -0.03593517193514642,
                0.1193362985176842,
                0.0,
                0.10524392364102725,
                -0.27128946422752664,
                -0.9567265769987701,
                0.0,
                -72.90339999999996,
                121.75200000000001,
                12.339399999999994,
                1.0
            ],
            "parent": "R_middle01_JNT",
            "isLocator": false,
            "children": [
                "R_middle03_JNT",
                "R_middle04End_JNT"
            ]
        },
        "R_middle01_JNT": {
            "joint_matrix": [
                0.20313985389684275,
                0.9476479157574178,
                -0.24636888504718157,
                0.0,
                0.9734772294693961,
                -0.16842046894532628,
                0.15484388701148483,
                0.0,
                0.10524392364102725,
                -0.27128946422752664,
                -0.9567265769987701,
                0.0,
                -71.32230000000007,
                129.12800000000001,
                10.42179999999998,
                1.0
            ],
            "parent": "R_middle00_JNT",
            "isLocator": false,
            "children": [
                "R_middle02_JNT",
                "R_middle03_JNT",
                "R_middle04End_JNT"
            ]
        },
        "R_middle00_JNT": {
            "joint_matrix": [
                0.25082077105492695,
                0.9382068651070783,
                -0.23844667972811173,
                0.0,
                0.9622955145609138,
                -0.2148718335778108,
                0.16678560426744315,
                0.0,
                0.10524392364102725,
                -0.27128946422752664,
                -0.9567265769987701,
                0.0,
                -69.7622,
                134.963,
                8.93872,
                1.0
            ],
            "parent": "C_guides_GRP",
            "isLocator": false,
            "children": [
                "R_middle01_JNT",
                "R_middle02_JNT",
                "R_middle03_JNT",
                "R_middle04End_JNT"
            ]
        },
        "R_index04End_JNT": {
            "joint_matrix": [
                0.023561142166223917,
                0.9252870250034239,
                -0.37853506302605106,
                0.0,
                0.9957144709165492,
                -0.05559030304678356,
                -0.07390812279136336,
                0.0,
                -0.08942910592865985,
                -0.37517148021602104,
                -0.9226314515803807,
                0.0,
                -73.36779999999996,
                114.83999999999997,
                19.86759999999999,
                1.0
            ],
            "parent": "R_index03_JNT",
            "isLocator": false,
            "children": []
        },
        "R_index03_JNT": {
            "joint_matrix": [
                0.023561142166223917,
                0.9252870250034239,
                -0.37853506302605106,
                0.0,
                0.9957144709165492,
                -0.05559030304678356,
                -0.07390812279136336,
                0.0,
                -0.08942910592865985,
                -0.37517148021602104,
                -0.9226314515803807,
                0.0,
                -73.25950000000003,
                119.09399999999997,
                18.127100000000013,
                1.0
            ],
            "parent": "R_index02_JNT",
            "isLocator": false,
            "children": [
                "R_index04End_JNT"
            ]
        },
        "R_index02_JNT": {
            "joint_matrix": [
                0.05141301425043704,
                0.9233692605014211,
                -0.3804548734432815,
                0.0,
                0.9946653391862436,
                -0.08145900314623764,
                -0.06328739074994602,
                0.0,
                -0.08942910592865985,
                -0.37517148021602104,
                -0.9226314515803807,
                0.0,
                -73.03530000000005,
                123.11999999999996,
                16.46849999999999,
                1.0
            ],
            "parent": "R_index01_JNT",
            "isLocator": false,
            "children": [
                "R_index03_JNT",
                "R_index04End_JNT"
            ]
        },
        "R_index01_JNT": {
            "joint_matrix": [
                0.24919427386828635,
                0.8884526146143309,
                -0.3854272505366181,
                0.0,
                0.9643156375814188,
                -0.26438288904064733,
                0.014037061603581733,
                0.0,
                -0.08942910592865985,
                -0.37517148021602104,
                -0.9226314515803807,
                0.0,
                -71.17450000000002,
                129.754,
                13.590399999999969,
                1.0
            ],
            "parent": "R_index00_JNT",
            "isLocator": false,
            "children": [
                "R_index02_JNT",
                "R_index03_JNT",
                "R_index04End_JNT"
            ]
        },
        "R_index00_JNT": {
            "joint_matrix": [
                0.27563389877096023,
                0.8759649136546159,
                -0.3958679374417453,
                0.0,
                0.9554788787037676,
                -0.29477233052400087,
                0.013014818801678738,
                0.0,
                -0.10529038987158962,
                -0.38183077822971623,
                -0.9182152201946874,
                0.0,
                -69.3193,
                135.65,
                10.9259,
                1.0
            ],
            "parent": "C_guides_GRP",
            "isLocator": false,
            "children": [
                "R_index01_JNT",
                "R_index02_JNT",
                "R_index03_JNT",
                "R_index04End_JNT"
            ]
        },
        "R_thumb03End_JNT": {
            "joint_matrix": [
                -0.19509539430148803,
                0.6050654884186428,
                -0.7719025468587702,
                0.0,
                -0.06204594578325408,
                -0.7930634456958587,
                -0.6059708505471804,
                0.0,
                -0.9788197422070155,
                -0.07032869845035515,
                0.1922648861338715,
                0.0,
                -63.69340000000002,
                130.016,
                21.977300000000007,
                1.0
            ],
            "parent": "R_thumb02_JNT",
            "isLocator": false,
            "children": []
        },
        "R_thumb02_JNT": {
            "joint_matrix": [
                -0.19509539430148803,
                0.6050654884186428,
                -0.7719025468587702,
                0.0,
                -0.06204594578325408,
                -0.7930634456958587,
                -0.6059708505471804,
                0.0,
                -0.9788197422070155,
                -0.07032869845035515,
                0.1922648861338715,
                0.0,
                -64.6895,
                133.106,
                18.03610000000001,
                1.0
            ],
            "parent": "R_thumb01_JNT",
            "isLocator": false,
            "children": [
                "R_thumb03End_JNT"
            ]
        },
        "R_thumb01_JNT": {
            "joint_matrix": [
                -0.20365857931559717,
                0.4301907890328954,
                -0.8794652171077646,
                0.0,
                -0.02085893901770183,
                -0.8999943106517585,
                -0.4354022800325257,
                0.0,
                -0.9788197422070155,
                -0.07032869845035515,
                0.1922648861338715,
                0.0,
                -65.5847,
                134.99700000000004,
                14.170700000000004,
                1.0
            ],
            "parent": "R_thumb00_JNT",
            "isLocator": false,
            "children": [
                "R_thumb02_JNT",
                "R_thumb03End_JNT"
            ]
        },
        "R_thumb00_JNT": {
            "joint_matrix": [
                -0.20365857931559717,
                0.4301907890328954,
                -0.8794652171077646,
                0.0,
                -0.02085893901770183,
                -0.8999943106517585,
                -0.4354022800325257,
                0.0,
                -0.9788197422070155,
                -0.07032869845035515,
                0.1922648861338715,
                0.0,
                -66.412,
                136.744,
                10.5979,
                1.0
            ],
            "parent": "C_guides_GRP",
            "isLocator": false,
            "children": [
                "R_thumb01_JNT",
                "R_thumb02_JNT",
                "R_thumb03End_JNT"
            ]
        },
        "R_clavicle_JNT": {
            "joint_matrix": [
                1.0,
                0.0,
                0.0,
                0.0,
                0.0,
                -1.0,
                -1.2246467991473532e-16,
                0.0,
                0.0,
                1.2246467991473532e-16,
                -1.0,
                0.0,
                -3.44785,
                211.755,
                -11.6846,
                1.0
            ],
            "parent": "C_guides_GRP",
            "isLocator": false,
            "children": []
        },
        "R_wrist_JNT": {
            "joint_matrix": [
                0.48697499290454666,
                0.7637871681284446,
                -0.42365613188994233,
                0.0,
                0.8301305140602786,
                -0.5555527169919585,
                -0.04737624160769448,
                0.0,
                -0.2715486805558708,
                -0.3286188376298359,
                -0.9045833149263707,
                0.0,
                -67.25079999999996,
                140.861,
                3.365599999999956,
                1.0
            ],
            "parent": "R_elbow_JNT",
            "isLocator": false,
            "children": []
        },
        "R_elbow_JNT": {
            "joint_matrix": [
                0.48697499290454666,
                0.7637871681284446,
                -0.42365613188994233,
                0.0,
                0.8301305140602786,
                -0.5555527169919585,
                -0.04737624160769448,
                0.0,
                -0.2715486805558708,
                -0.3286188376298359,
                -0.9045833149263707,
                0.0,
                -46.57989999999995,
                173.28199999999973,
                -14.61760000000004,
                1.0
            ],
            "parent": "R_shoulder_JNT",
            "isLocator": false,
            "children": [
                "R_wrist_JNT"
            ]
        },
        "R_shoulder_JNT": {
            "joint_matrix": [
                0.5575536161990711,
                0.8277391521492667,
                0.0631019893707972,
                0.0,
                0.8301305140602786,
                -0.5555527169919585,
                -0.04737624160769448,
                0.0,
                -0.004158688417827773,
                0.07879768170489705,
                -0.9968819542295755,
                0.0,
                -20.6649,
                211.755,
                -11.6846,
                1.0
            ],
            "parent": "C_guides_GRP",
            "isLocator": false,
            "children": [
                "R_elbow_JNT",
                "R_wrist_JNT"
            ]
        },
        "L_pinky04End_JNT": {
            "joint_matrix": [
                -0.09054594997580165,
                -0.9857625642027881,
                0.14168132537255412,
                0.0,
                0.9504985808937344,
                -0.12800179676929513,
                -0.2831395199240631,
                0.0,
                0.29724380340383294,
                0.10903076189853939,
                0.9485559626600043,
                0.0,
                69.44983168859862,
                114.99034345217427,
                5.477698386209171,
                1.0
            ],
            "parent": "L_pinky03_JNT",
            "isLocator": false,
            "children": []
        },
        "L_pinky03_JNT": {
            "joint_matrix": [
                -0.09054594997580165,
                -0.9857625642027881,
                0.14168132537255412,
                0.0,
                0.9504985808937344,
                -0.12800179676929513,
                -0.2831395199240631,
                0.0,
                0.29724380340383294,
                0.10903076189853939,
                0.9485559626600043,
                0.0,
                69.83430532901271,
                119.17606044718254,
                4.876095167520478,
                1.0
            ],
            "parent": "L_pinky02_JNT",
            "isLocator": false,
            "children": [
                "L_pinky04End_JNT"
            ]
        },
        "L_pinky02_JNT": {
            "joint_matrix": [
                -0.009250005019440746,
                -0.9930832362405686,
                0.11704752583929008,
                0.0,
                0.9547568060742817,
                -0.04356579917530451,
                -0.29417930314189883,
                0.0,
                0.29724380340383294,
                0.10903076189853939,
                0.9485559626600043,
                0.0,
                69.86566361114126,
                122.54269476077008,
                4.479294373356687,
                1.0
            ],
            "parent": "L_pinky01_JNT",
            "isLocator": false,
            "children": [
                "L_pinky03_JNT",
                "L_pinky04End_JNT"
            ]
        },
        "L_pinky01_JNT": {
            "joint_matrix": [
                0.09497682225459365,
                -0.9919078084692602,
                0.08425142569789935,
                0.0,
                0.9500660632674144,
                0.06504761684745515,
                -0.30519384490848406,
                0.0,
                0.29724380340383294,
                0.10903076189853939,
                0.9485559626600043,
                0.0,
                69.3082340586755,
                128.36431221055437,
                3.9848133683436626,
                1.0
            ],
            "parent": "L_pinky00_JNT",
            "isLocator": false,
            "children": [
                "L_pinky02_JNT",
                "L_pinky03_JNT",
                "L_pinky04End_JNT"
            ]
        },
        "L_pinky00_JNT": {
            "joint_matrix": [
                0.10522247842096333,
                -0.9894029703042359,
                0.10004994946578022,
                0.0,
                0.9495442499950243,
                0.07007010723011498,
                -0.3057055730178089,
                0.0,
                0.2954554912949438,
                0.12716895228755895,
                0.9468548517263604,
                0.0,
                68.76350445929735,
                133.48638395535002,
                3.46686159883429,
                1.0
            ],
            "parent": "C_guides_GRP",
            "isLocator": false,
            "children": [
                "L_pinky01_JNT",
                "L_pinky02_JNT",
                "L_pinky03_JNT",
                "L_pinky04End_JNT"
            ]
        },
        "L_ring04End_JNT": {
            "joint_matrix": [
                0.06591369402078795,
                -0.9776259599698186,
                0.1997570207367559,
                0.0,
                0.9662743487303483,
                0.012593639531648423,
                -0.257206693593087,
                0.0,
                0.24893627282153002,
                0.20997352841831682,
                0.9454849810744151,
                0.0,
                72.16303693002318,
                112.33568197595736,
                10.0337788582871,
                1.0
            ],
            "parent": "L_ring03_JNT",
            "isLocator": false,
            "children": []
        },
        "L_ring03_JNT": {
            "joint_matrix": [
                0.06591369402078795,
                -0.9776259599698186,
                0.1997570207367559,
                0.0,
                0.9662743487303483,
                0.012593639531648423,
                -0.257206693593087,
                0.0,
                0.24893627282153002,
                0.20997352841831682,
                0.9454849810744151,
                0.0,
                71.87584341799689,
                116.59531022260457,
                9.163414646577046,
                1.0
            ],
            "parent": "L_ring02_JNT",
            "isLocator": false,
            "children": [
                "L_ring04End_JNT"
            ]
        },
        "L_ring02_JNT": {
            "joint_matrix": [
                0.012526919619677224,
                -0.9768327837521041,
                0.21363704938974676,
                0.0,
                0.9684388511199699,
                -0.0413379964521414,
                -0.24579943386988465,
                0.0,
                0.24893627282153002,
                0.20997352841831682,
                0.9454849810744151,
                0.0,
                71.81014506035147,
                121.7183820978315,
                8.042979319835604,
                1.0
            ],
            "parent": "L_ring01_JNT",
            "isLocator": false,
            "children": [
                "L_ring03_JNT",
                "L_ring04End_JNT"
            ]
        },
        "L_ring01_JNT": {
            "joint_matrix": [
                0.10385530456209673,
                -0.9763748205096466,
                0.18948953952413675,
                0.0,
                0.9629355159033439,
                0.051022810960565074,
                -0.2648619734383241,
                0.0,
                0.24893627282153002,
                0.20997352841831682,
                0.9454849810744151,
                0.0,
                71.07420570287596,
                128.6371683946977,
                6.700218730439433,
                1.0
            ],
            "parent": "L_ring00_JNT",
            "isLocator": false,
            "children": [
                "L_ring02_JNT",
                "L_ring03_JNT",
                "L_ring04End_JNT"
            ]
        },
        "L_ring00_JNT": {
            "joint_matrix": [
                0.3670100045273297,
                -0.9239896734736862,
                0.10745575783009567,
                0.0,
                0.9205571817821804,
                0.3441630085656908,
                -0.18473304686563832,
                0.0,
                0.13370913075066834,
                0.16671804596084663,
                0.9768965971406072,
                0.0,
                69.86870055340881,
                134.30002315772313,
                6.036035805215436,
                1.0
            ],
            "parent": "C_guides_GRP",
            "isLocator": false,
            "children": [
                "L_ring01_JNT",
                "L_ring02_JNT",
                "L_ring03_JNT",
                "L_ring04End_JNT"
            ]
        },
        "L_middle04End_JNT": {
            "joint_matrix": [
                0.08126564488716974,
                -0.961197973181176,
                0.2636178129669391,
                0.0,
                0.9911203819404152,
                0.050004829282192395,
                -0.12320675935493429,
                0.0,
                0.10524392364102697,
                0.2712894642275266,
                0.95672657699877,
                0.0,
                73.65357229156531,
                111.95954661612268,
                15.033588512775003,
                1.0
            ],
            "parent": "L_middle03_JNT",
            "isLocator": false,
            "children": []
        },
        "L_middle03_JNT": {
            "joint_matrix": [
                0.08126564488716974,
                -0.961197973181176,
                0.2636178129669391,
                0.0,
                0.9911203819404152,
                0.050004829282192395,
                -0.12320675935493429,
                0.0,
                0.10524392364102697,
                0.2712894642275266,
                0.95672657699877,
                0.0,
                73.25963530950153,
                116.61897470835589,
                13.755695427663689,
                1.0
            ],
            "parent": "L_middle02_JNT",
            "isLocator": false,
            "children": [
                "L_middle04End_JNT"
            ]
        },
        "L_middle02_JNT": {
            "joint_matrix": [
                0.06675481452713325,
                -0.9618267463619076,
                0.26539235995091304,
                0.0,
                0.992203361853854,
                0.03593517193514609,
                -0.1193362985176839,
                0.0,
                0.10524392364102697,
                0.2712894642275266,
                0.95672657699877,
                0.0,
                72.9033825767466,
                121.7519888475684,
                12.339366820438196,
                1.0
            ],
            "parent": "L_middle01_JNT",
            "isLocator": false,
            "children": [
                "L_middle03_JNT",
                "L_middle04End_JNT"
            ]
        },
        "L_middle01_JNT": {
            "joint_matrix": [
                0.203139853896842,
                -0.947647915757418,
                0.24636888504718168,
                0.0,
                0.9734772294693963,
                0.1684204689453253,
                -0.15484388701148435,
                0.0,
                0.10524392364102697,
                0.2712894642275266,
                0.95672657699877,
                0.0,
                71.3223144127672,
                129.1276757033163,
                10.421840577946185,
                1.0
            ],
            "parent": "L_middle00_JNT",
            "isLocator": false,
            "children": [
                "L_middle02_JNT",
                "L_middle03_JNT",
                "L_middle04End_JNT"
            ]
        },
        "L_middle00_JNT": {
            "joint_matrix": [
                0.25082077105492695,
                -0.9382068651070783,
                0.23844667972811173,
                0.0,
                0.9622955145609138,
                0.2148718335778106,
                -0.16678560426744288,
                0.0,
                0.10524392364102697,
                0.2712894642275266,
                0.95672657699877,
                0.0,
                69.76223210983915,
                134.96323677181582,
                8.938723993656854,
                1.0
            ],
            "parent": "C_guides_GRP",
            "isLocator": false,
            "children": [
                "L_middle01_JNT",
                "L_middle02_JNT",
                "L_middle03_JNT",
                "L_middle04End_JNT"
            ]
        },
        "L_index04End_JNT": {
            "joint_matrix": [
                0.023561142166218168,
                -0.9252870250034235,
                0.3785350630260517,
                0.0,
                0.9957144709165503,
                0.055590303046774654,
                0.07390812279135679,
                0.0,
                -0.08942910592865042,
                0.37517148021602265,
                0.9226314515803808,
                0.0,
                73.3677974851096,
                114.83999252966424,
                19.867572097865114,
                1.0
            ],
            "parent": "L_index03_JNT",
            "isLocator": false,
            "children": []
        },
        "L_index03_JNT": {
            "joint_matrix": [
                0.023561142166218168,
                -0.9252870250034235,
                0.3785350630260517,
                0.0,
                0.9957144709165503,
                0.055590303046774654,
                0.07390812279135679,
                0.0,
                -0.08942910592865042,
                0.37517148021602265,
                0.9226314515803808,
                0.0,
                73.25946273492019,
                119.09448656055791,
                18.12705794105806,
                1.0
            ],
            "parent": "L_index02_JNT",
            "isLocator": false,
            "children": [
                "L_index04End_JNT"
            ]
        },
        "L_index02_JNT": {
            "joint_matrix": [
                0.05141301425043651,
                -0.9233692605014204,
                0.3804548734432823,
                0.0,
                0.9946653391862444,
                0.08145900314623356,
                0.06328739074993744,
                0.0,
                -0.08942910592865042,
                0.37517148021602265,
                0.9226314515803808,
                0.0,
                73.03533707077027,
                123.11974654157012,
                16.468534268935077,
                1.0
            ],
            "parent": "L_index01_JNT",
            "isLocator": false,
            "children": [
                "L_index03_JNT",
                "L_index04End_JNT"
            ]
        },
        "L_index01_JNT": {
            "joint_matrix": [
                0.24919427386828302,
                -0.8884526146143319,
                0.3854272505366172,
                0.0,
                0.9643156375814204,
                0.2643828890406405,
                -0.014037061603589113,
                0.0,
                -0.08942910592865042,
                0.37517148021602265,
                0.9226314515803808,
                0.0,
                71.17449902456507,
                129.75419444384667,
                13.590387509343522,
                1.0
            ],
            "parent": "L_index00_JNT",
            "isLocator": false,
            "children": [
                "L_index02_JNT",
                "L_index03_JNT",
                "L_index04End_JNT"
            ]
        },
        "L_index00_JNT": {
            "joint_matrix": [
                0.2756338987709581,
                -0.875964913654616,
                0.39586793744174575,
                0.0,
                0.9554788787037679,
                0.29477233052399887,
                -0.01301481880167787,
                0.0,
                -0.10529038987158976,
                0.38183077822971667,
                0.9182152201946869,
                0.0,
                69.31930194889424,
                135.65001333059675,
                10.925936427061812,
                1.0
            ],
            "parent": "C_guides_GRP",
            "isLocator": false,
            "children": [
                "L_index01_JNT",
                "L_index02_JNT",
                "L_index03_JNT",
                "L_index04End_JNT"
            ]
        },
        "L_thumb03End_JNT": {
            "joint_matrix": [
                -0.19509539430148806,
                -0.6050654884186428,
                0.7719025468587702,
                0.0,
                -0.062045945783253884,
                0.7930634456958587,
