{
    "jamal": {
        "R_eyebrow05_JNT": {
            "joint_matrix": [
                1.0,
                0.0,
                0.0,
                0.0,
                0.0,
                1.0,
                0.0,
                0.0,
                0.0,
                0.0,
                1.0,
                0.0,
                -9.1301,
                269.219,
                6.91651,
                1.0
            ],
            "parent": "R_eyebrowMain_JNT",
            "isLocator": false,
            "isJoint": true,
            "isCurve": false,
            "children": []
        },
        "R_eyebrow04_JNT": {
            "joint_matrix": [
                1.0,
                0.0,
                0.0,
                0.0,
                0.0,
                1.0,
                0.0,
                0.0,
                0.0,
                0.0,
                1.0,
                0.0,
                -8.06514,
                269.701,
                8.21753,
                1.0
            ],
            "parent": "R_eyebrowMain_JNT",
            "isLocator": false,
            "isJoint": true,
            "isCurve": false,
            "children": []
        },
        "R_eyebrow03_JNT": {
            "joint_matrix": [
                1.0,
                0.0,
                0.0,
                0.0,
                0.0,
                1.0,
                0.0,
                0.0,
                0.0,
                0.0,
                1.0,
                0.0,
                -6.70627,
                270.094,
                9.40765,
                1.0
            ],
            "parent": "R_eyebrowMain_JNT",
            "isLocator": false,
            "isJoint": true,
            "isCurve": false,
            "children": []
        },
        "R_eyebrow02_JNT": {
            "joint_matrix": [
                1.0,
                0.0,
                0.0,
                0.0,
                0.0,
                1.0,
                0.0,
                0.0,
                0.0,
                0.0,
                1.0,
                0.0,
                -5.07376,
                270.214,
                10.3522,
                1.0
            ],
            "parent": "R_eyebrowMain_JNT",
            "isLocator": false,
            "isJoint": true,
            "isCurve": false,
            "children": []
        },
        "R_eyebrow01_JNT": {
            "joint_matrix": [
                1.0,
                0.0,
                0.0,
                0.0,
                0.0,
                1.0,
                0.0,
                0.0,
                0.0,
                0.0,
                1.0,
                0.0,
                -3.47905,
                270.177,
                10.9607,
                1.0
            ],
            "parent": "R_eyebrowMain_JNT",
            "isLocator": false,
            "isJoint": true,
            "isCurve": false,
            "children": []
        },
        "R_eyebrow00_JNT": {
            "joint_matrix": [
                1.0,
                0.0,
                0.0,
                0.0,
                0.0,
                1.0,
                0.0,
                0.0,
                0.0,
                0.0,
                1.0,
                0.0,
                -2.09135,
                269.925,
                11.3568,
                1.0
            ],
            "parent": "R_eyebrowMain_JNT",
            "isLocator": false,
            "isJoint": true,
            "isCurve": false,
            "children": []
        },
        "R_eyebrowMain_JNT": {
            "joint_matrix": [
                1.0,
                0.0,
                0.0,
                0.0,
                0.0,
                1.0,
                0.0,
                0.0,
                0.0,
                0.0,
                1.0,
                0.0,
                -5.6363,
                269.818,
                8.80656,
                1.0
            ],
            "parent": "C_guides_GRP",
            "isLocator": false,
            "isJoint": true,
            "isCurve": false,
            "children": [
                "R_eyebrow00_JNT",
                "R_eyebrow01_JNT",
                "R_eyebrow02_JNT",
                "R_eyebrow03_JNT",
                "R_eyebrow04_JNT",
                "R_eyebrow05_JNT"
            ]
        },
        "L_eyebrow05_JNT": {
            "joint_matrix": [
                1.0,
                0.0,
                0.0,
                0.0,
                0.0,
                1.0,
                0.0,
                0.0,
                0.0,
                0.0,
                1.0,
                0.0,
                9.130102157592773,
                269.2191162109375,
                6.916510105133057,
                1.0
            ],
            "parent": "L_eyebrowMain_JNT",
            "isLocator": false,
            "isJoint": true,
            "isCurve": false,
            "children": []
        },
        "L_eyebrow04_JNT": {
            "joint_matrix": [
                1.0,
                0.0,
                0.0,
                0.0,
                0.0,
                1.0,
                0.0,
                0.0,
                0.0,
                0.0,
                1.0,
                0.0,
                8.065136909484863,
                269.70050048828125,
                8.217529296875,
                1.0
            ],
            "parent": "L_eyebrowMain_JNT",
            "isLocator": false,
            "isJoint": true,
            "isCurve": false,
            "children": []
        },
        "L_eyebrow03_JNT": {
            "joint_matrix": [
                1.0,
                0.0,
                0.0,
                0.0,
                0.0,
                1.0,
                0.0,
                0.0,
                0.0,
                0.0,
                1.0,
                0.0,
                6.706270217895508,
                270.0937805175781,
                9.407651901245117,
                1.0
            ],
            "parent": "L_eyebrowMain_JNT",
            "isLocator": false,
            "isJoint": true,
            "isCurve": false,
            "children": []
        },
        "L_eyebrow02_JNT": {
            "joint_matrix": [
                1.0,
                0.0,
                0.0,
                0.0,
                0.0,
                1.0,
                0.0,
                0.0,
                0.0,
                0.0,
                1.0,
                0.0,
                5.073763847351074,
                270.21405029296875,
                10.35217571258545,
                1.0
            ],
            "parent": "L_eyebrowMain_JNT",
            "isLocator": false,
            "isJoint": true,
            "isCurve": false,
            "children": []
        },
        "L_eyebrow01_JNT": {
            "joint_matrix": [
                1.0,
                0.0,
                0.0,
                0.0,
                0.0,
                1.0,
                0.0,
                0.0,
                0.0,
                0.0,
                1.0,
                0.0,
                3.479048252105713,
                270.1772155761719,
                10.960708618164062,
                1.0
            ],
            "parent": "L_eyebrowMain_JNT",
            "isLocator": false,
            "isJoint": true,
            "isCurve": false,
            "children": []
        },
        "L_eyebrow00_JNT": {
            "joint_matrix": [
                1.0,
                0.0,
                0.0,
                0.0,
                0.0,
                1.0,
                0.0,
                0.0,
                0.0,
                0.0,
                1.0,
                0.0,
                2.0913503170013428,
                269.9249572753906,
                11.356803894042969,
                1.0
            ],
            "parent": "L_eyebrowMain_JNT",
            "isLocator": false,
            "isJoint": true,
            "isCurve": false,
            "children": []
        },
        "L_eyebrowMain_JNT": {
            "joint_matrix": [
                1.0,
                0.0,
                0.0,
                0.0,
                0.0,
                1.0,
                0.0,
                0.0,
                0.0,
                0.0,
                1.0,
                0.0,
                5.636302471160889,
                269.81787109375,
                8.806564331054688,
                1.0
            ],
            "parent": "C_guides_GRP",
            "isLocator": false,
            "isJoint": true,
            "isCurve": false,
            "children": [
                "L_eyebrow00_JNT",
                "L_eyebrow01_JNT",
                "L_eyebrow02_JNT",
                "L_eyebrow03_JNT",
                "L_eyebrow04_JNT",
                "L_eyebrow05_JNT"
            ]
        },
        "C_eyebrowMid_JNT": {
            "joint_matrix": [
                1.0,
                0.0,
                0.0,
                0.0,
                0.0,
                1.0,
                0.0,
                0.0,
                0.0,
                0.0,
                1.0,
                0.0,
                -8.410404552705586e-05,
                269.7998046875,
                11.461965560913086,
                1.0
            ],
            "parent": "C_guides_GRP",
            "isLocator": false,
            "isJoint": true,
            "isCurve": false,
            "children": []
        },
        "R_ear02_JNT": {
            "joint_matrix": [
                0.370659932384614,
                0.8672815885020523,
                -0.3323159050812799,
                0.0,
                -0.6457512774965644,
                0.49781788461781573,
                0.5789496017497534,
                0.0,
                0.6675451311605745,
                8.5896995546223575e-16,
                0.7445693371767411,
                0.0,
                -14.836699751686597,
                265.539994127934,
                -8.640139987839847,
                1.0
            ],
            "parent": "R_ear01_JNT",
            "isLocator": false,
            "isJoint": true,
            "isCurve": false,
            "children": []
        },
        "R_ear01_JNT": {
            "joint_matrix": [
                -0.3706197737116909,
                0.8673087549007639,
                -0.33228979371383294,
                0.0,
                0.645762937135307,
                0.4977705532396294,
                0.5789772926029957,
                0.0,
                0.6675561492161364,
                -2.4185870547673254e-16,
                -0.7445594587698978,
                0.0,
                -11.896299837032185,
                258.6589943276554,
                -6.00384006435858,
                1.0
            ],
            "parent": "R_ear00_JNT",
            "isLocator": false,
            "isJoint": true,
            "isCurve": false,
            "children": [
                "R_ear02_JNT"
            ]
        },
        "R_ear00_JNT": {
            "joint_matrix": [
                0.4357289295891581,
                0.7030287956150443,
                -0.5620416465486758,
                0.0,
                -0.4307460893505861,
                0.7111613829054979,
                0.5556143392436128,
                0.0,
                0.7903151943549253,
                -2.7755575615628914e-16,
                0.6127004925505909,
                0.0,
                -14.295499801635742,
                254.78799438476562,
                -2.909140110015869,
                1.0
            ],
            "parent": "C_guides_GRP",
            "isLocator": false,
            "isJoint": true,
            "isCurve": false,
            "children": [
                "R_ear01_JNT",
                "R_ear02_JNT"
            ]
        },
        "L_ear02_JNT": {
            "joint_matrix": [
                0.3706599323846138,
                0.8672815885020525,
                -0.33231590508127923,
                0.0,
                -0.6457512774965641,
                0.49781788461781507,
                0.5789496017497544,
                0.0,
                0.6675451311605748,
                -8.323905644281906e-17,
                0.7445693371767409,
                0.0,
                14.836746350120025,
                265.539611784504,
                -8.640143323441578,
                1.0
            ],
            "parent": "L_ear01_JNT",
            "isLocator": false,
            "isJoint": true,
            "isCurve": false,
            "children": []
        },
        "L_ear01_JNT": {
            "joint_matrix": [
                0.3706599323846138,
                0.8672815885020525,
                -0.33231590508127923,
                0.0,
                -0.6457512774965641,
                0.49781788461781507,
                0.5789496017497544,
                0.0,
                0.6675451311605748,
                -8.323905644281906e-17,
                0.7445693371767409,
                0.0,
                11.896256534395466,
                258.65936265169745,
                -6.003841287210969,
                1.0
            ],
            "parent": "L_ear00_JNT",
            "isLocator": false,
            "isJoint": true,
            "isCurve": false,
            "children": [
                "L_ear02_JNT"
            ]
        },
        "L_ear00_JNT": {
            "joint_matrix": [
                -0.4357309164269274,
                0.7030401191079845,
                -0.5620259419229516,
                0.0,
                0.4307617719018377,
                0.7111501887257226,
                0.5556165088830229,
                0.0,
                0.790305551250742,
                -3.885780586188048e-16,
                -0.612712930875676,
                0.0,
                14.295534133911133,
                254.78819274902344,
                -2.909141778945923,
                1.0
            ],
            "parent": "C_guides_GRP",
            "isLocator": false,
            "isJoint": true,
            "isCurve": false,
            "children": [
                "L_ear01_JNT",
                "L_ear02_JNT"
            ]
        },
        "R_nosetril_JNT": {
            "joint_matrix": [
                1.0,
                0.0,
                0.0,
                0.0,
                0.0,
                1.0,
                0.0,
                0.0,
                0.0,
                0.0,
                1.0,
                0.0,
                -1.9037400484085083,
                255.52699279785156,
                15.82800006866455,
                1.0
            ],
            "parent": "C_guides_GRP",
            "isLocator": false,
            "isJoint": true,
            "isCurve": false,
            "children": []
        },
        "R_nose_JNT": {
            "joint_matrix": [
                1.0,
                0.0,
                0.0,
                0.0,
                0.0,
                1.0,
                0.0,
                0.0,
                0.0,
                0.0,
                1.0,
                0.0,
                -5.278629779815674,
                258.4289855957031,
                14.176799774169922,
                1.0
            ],
            "parent": "C_guides_GRP",
            "isLocator": false,
            "isJoint": true,
            "isCurve": false,
            "children": []
        },
        "L_nose_JNT": {
            "joint_matrix": [
                1.0,
                0.0,
                0.0,
                0.0,
                0.0,
                1.0,
                0.0,
                0.0,
                0.0,
                0.0,
                1.0,
                0.0,
                5.278629302978516,
                258.4294738769531,
                14.176798820495605,
                1.0
            ],
            "parent": "C_guides_GRP",
            "isLocator": false,
            "isJoint": true,
            "isCurve": false,
            "children": []
        },
        "L_nosetril_JNT": {
            "joint_matrix": [
                1.0,
                0.0,
                0.0,
                0.0,
                0.0,
                1.0,
                0.0,
                0.0,
                0.0,
                0.0,
                1.0,
                0.0,
                1.9037373065948486,
                255.52682495117188,
                15.828032493591309,
                1.0
            ],
            "parent": "C_guides_GRP",
            "isLocator": false,
            "isJoint": true,
            "isCurve": false,
            "children": []
        },
        "C_noseTip_JNT": {
            "joint_matrix": [
                1.0,
                0.0,
                0.0,
                0.0,
                0.0,
                1.0,
                0.0,
                0.0,
                0.0,
                0.0,
                1.0,
                0.0,
                -9.916970157064497e-05,
                259.36846923828125,
                20.72393035888672,
                1.0
            ],
            "parent": "C_guides_GRP",
            "isLocator": false,
            "isJoint": true,
            "isCurve": false,
            "children": []
        },
        "C_noseMain_JNT": {
            "joint_matrix": [
                1.0,
                0.0,
                0.0,
                0.0,
                0.0,
                1.0,
                0.0,
                0.0,
                0.0,
                0.0,
                1.0,
                0.0,
                0.00020623810996767133,
                265.56988525390625,
                11.248538970947266,
                1.0
            ],
            "parent": "C_guides_GRP",
            "isLocator": false,
            "isJoint": true,
            "isCurve": false,
            "children": []
        },
        "R_tip_JNT": {
            "joint_matrix": [
                0.027815190041820148,
                0.21785578683032025,
                -0.9755845280381805,
                0.0,
                0.006208830183383616,
                -0.9759809712000238,
                -0.21776729387860738,
                0.0,
                -0.9995938003162541,
                8.638922910364499e-16,
                -0.028499725776025768,
                0.0,
                -16.689100000000042,
                2.4071500000000086,
                30.65700000000002,
                1.0
            ],
            "parent": "R_ball_JNT",
            "isLocator": false,
            "isJoint": true,
            "isCurve": false,
            "children": []
        },
        "R_ball_JNT": {
            "joint_matrix": [
                0.027815190041820148,
                0.21785578683032025,
                -0.9755845280381805,
                0.0,
                0.006208830183383616,
                -0.9759809712000238,
                -0.21776729387860738,
                0.0,
                -0.9995938003162541,
                8.638922910364499e-16,
                -0.028499725776025768,
                0.0,
                -15.978899999999994,
                7.97010000000002,
                5.745429999999954,
                1.0
            ],
            "parent": "R_ankle_JNT",
            "isLocator": false,
            "isJoint": true,
            "isCurve": false,
            "children": [
                "R_tip_JNT"
            ]
        },
        "R_ankle_JNT": {
            "joint_matrix": [
                0.020265564054811506,
                0.7031118538484064,
                -0.7107904247324928,
                0.0,
                0.020038495024552072,
                -0.7110792649050153,
                -0.7028262500357352,
                0.0,
                -0.9995938003162541,
                8.638922910364499e-16,
                -0.028499725776025768,
                0.0,
                -15.682200000000007,
                18.26159999999949,
                -4.658500000000042,
                1.0
            ],
            "parent": "R_knee_JNT",
            "isLocator": false,
            "isJoint": true,
            "isCurve": false,
            "children": [
                "R_ball_JNT",
                "R_tip_JNT"
            ]
        },
        "R_knee_JNT": {
            "joint_matrix": [
                0.028701005201897632,
                0.9957786973132605,
                0.08718393359734694,
                0.0,
                0.002511831003147117,
                0.08714774226862236,
                -0.9961922313100486,
                0.0,
                -0.9995848853426167,
                0.02881070972030586,
                4.440892098500626e-16,
                0.0,
                -13.824500000000121,
                82.7167999999999,
                0.9847730000000094,
                1.0
            ],
            "parent": "R_hip_JNT",
            "isLocator": false,
            "isJoint": true,
            "isCurve": false,
            "children": [
                "R_ankle_JNT",
                "R_ball_JNT",
                "R_tip_JNT"
            ]
        },
        "R_hip_JNT": {
            "joint_matrix": [
                0.02878198899632456,
                0.9985884225040917,
                0.044640335462505454,
                0.0,
                0.0012861197468268526,
                0.04462180460494447,
                -0.9990031233433632,
                0.0,
                -0.9995848853426167,
                0.02881070972030586,
                4.440892098500626e-16,
                0.0,
                -11.8889,
                149.871,
                3.92098,
                1.0
            ],
            "parent": "C_guides_GRP",
            "isLocator": false,
            "isJoint": true,
            "isCurve": false,
            "children": [
                "R_knee_JNT",
                "R_ankle_JNT",
                "R_ball_JNT",
                "R_tip_JNT"
            ]
        },
        "C_throat_JNT": {
            "joint_matrix": [
                1.0,
                0.0,
                0.0,
                0.0,
                0.0,
                1.0,
                0.0,
                0.0,
                0.0,
                0.0,
                1.0,
                0.0,
                0.000236053438129602,
                226.9106674194336,
                -5.166164040565491,
                1.0
            ],
            "parent": "C_guides_GRP",
            "isLocator": false,
            "isJoint": true,
            "isCurve": false,
            "children": []
        },
        "C_neck04_JNT": {
            "joint_matrix": [
                1.0,
                0.0,
                0.0,
                0.0,
                0.0,
                0.9630864735701314,
                0.26919220721679255,
                0.0,
                0.0,
                -0.26919220721679255,
                0.9630864735701314,
                0.0,
                0.0,
                240.35099645097233,
                -5.394489902379479,
                1.0
            ],
            "parent": "C_neck03_JNT",
            "isLocator": false,
            "isJoint": true,
            "isCurve": false,
            "children": []
        },
        "C_neck03_JNT": {
            "joint_matrix": [
                1.0,
                0.0,
                0.0,
                0.0,
                0.0,
                0.9630864735701314,
                0.26919220721679255,
                0.0,
                0.0,
                -0.26919220721679255,
                0.9630864735701314,
                0.0,
                0.0,
                234.57247760955153,
                -7.009643145680242,
                1.0
            ],
            "parent": "C_neck02_JNT",
            "isLocator": false,
            "isJoint": true,
            "isCurve": false,
            "children": [
                "C_neck04_JNT"
            ]
        },
        "C_neck02_JNT": {
            "joint_matrix": [
                1.0,
                0.0,
                0.0,
                0.0,
                0.0,
                0.9630864735701314,
                0.26919220721679255,
                0.0,
                0.0,
                -0.26919220721679255,
                0.9630864735701314,
                0.0,
                0.0,
                228.79395876813075,
                -8.62479638898101,
                1.0
            ],
            "parent": "C_neck01_JNT",
            "isLocator": false,
            "isJoint": true,
            "isCurve": false,
            "children": [
                "C_neck03_JNT",
                "C_neck04_JNT"
            ]
        },
        "C_neck01_JNT": {
            "joint_matrix": [
                1.0,
                0.0,
                0.0,
                0.0,
                0.0,
                0.9630864735701314,
                0.26919220721679255,
                0.0,
                0.0,
                -0.26919220721679255,
                0.9630864735701314,
                0.0,
                0.0,
                223.01543992670992,
                -10.23994963228172,
                1.0
            ],
            "parent": "C_neck00_JNT",
            "isLocator": false,
            "isJoint": true,
            "isCurve": false,
            "children": [
                "C_neck02_JNT",
                "C_neck03_JNT",
                "C_neck04_JNT"
            ]
        },
        "C_neck00_JNT": {
            "joint_matrix": [
                1.0,
                0.0,
                0.0,
                0.0,
                0.0,
                0.9630864735701314,
                0.26919220721679255,
                0.0,
                0.0,
                -0.26919220721679255,
                0.9630864735701314,
                0.0,
                0.0,
                217.23692108528917,
                -11.855102875582482,
                1.0
            ],
            "parent": "C_guides_GRP",
            "isLocator": false,
            "isJoint": true,
            "isCurve": false,
            "children": [
                "C_neck01_JNT",
                "C_neck02_JNT",
                "C_neck03_JNT",
                "C_neck04_JNT"
            ]
        },
        "C_spine07_JNT": {
            "joint_matrix": [
                1.0,
                0.0,
                0.0,
                0.0,
                0.0,
                0.9937411832920917,
                -0.11170703034828823,
                0.0,
                0.0,
                0.11170703034828823,
                0.9937411832920917,
                0.0,
                0.0,
                190.67392558485608,
                0.6664251808845612,
                1.0
            ],
            "parent": "C_spine06_JNT",
            "isLocator": false,
            "isJoint": true,
            "isCurve": false,
            "children": []
        },
        "C_spine06_JNT": {
            "joint_matrix": [
                1.0,
                0.0,
                0.0,
                0.0,
                0.0,
                0.9937411832920917,
                -0.11170703034828823,
                0.0,
                0.0,
                0.11170703034828823,
                0.9937411832920917,
                0.0,
                0.0,
                185.6058455500666,
                1.236131035660822,
                1.0
            ],
            "parent": "C_spine05_JNT",
            "isLocator": false,
            "isJoint": true,
            "isCurve": false,
            "children": [
                "C_spine07_JNT"
            ]
        },
        "C_spine05_JNT": {
            "joint_matrix": [
                1.0,
                0.0,
                0.0,
                0.0,
                0.0,
                0.9937411832920917,
                -0.11170703034828823,
                0.0,
                0.0,
                0.11170703034828823,
                0.9937411832920917,
                0.0,
                0.0,
                180.53776551527687,
                1.8058368904370976,
                1.0
            ],
            "parent": "C_spine04_JNT",
            "isLocator": false,
            "isJoint": true,
            "isCurve": false,
            "children": [
                "C_spine06_JNT",
                "C_spine07_JNT"
            ]
        },
        "C_spine04_JNT": {
            "joint_matrix": [
                1.0,
                0.0,
                0.0,
                0.0,
                0.0,
                0.9937411832920917,
                -0.11170703034828823,
                0.0,
                0.0,
                0.11170703034828823,
                0.9937411832920917,
                0.0,
                0.0,
                175.46968548048727,
                2.375542745213357,
                1.0
            ],
            "parent": "C_spine03_JNT",
            "isLocator": false,
            "isJoint": true,
            "isCurve": false,
            "children": [
                "C_spine05_JNT",
                "C_spine06_JNT",
                "C_spine07_JNT"
            ]
        },
        "C_spine03_JNT": {
            "joint_matrix": [
                1.0,
                0.0,
                0.0,
                0.0,
                0.0,
                0.9937411832920917,
                -0.11170703034828823,
                0.0,
                0.0,
                0.11170703034828823,
                0.9937411832920917,
                0.0,
                0.0,
                170.40160544569756,
                2.9452485999896325,
                1.0
            ],
            "parent": "C_spine02_JNT",
            "isLocator": false,
            "isJoint": true,
            "isCurve": false,
            "children": [
                "C_spine04_JNT",
                "C_spine05_JNT",
                "C_spine06_JNT",
                "C_spine07_JNT"
            ]
        },
        "C_spine02_JNT": {
            "joint_matrix": [
                1.0,
                0.0,
                0.0,
                0.0,
                0.0,
                0.9937411832920917,
                -0.11170703034828823,
                0.0,
                0.0,
                0.11170703034828823,
                0.9937411832920917,
                0.0,
                0.0,
                165.33352541090795,
                3.514954454765899,
                1.0
            ],
            "parent": "C_spine01_JNT",
            "isLocator": false,
            "isJoint": true,
            "isCurve": false,
            "children": [
                "C_spine03_JNT",
                "C_spine04_JNT",
                "C_spine05_JNT",
                "C_spine06_JNT",
                "C_spine07_JNT"
            ]
        },
        "C_spine01_JNT": {
            "joint_matrix": [
                1.0,
                0.0,
                0.0,
                0.0,
                0.0,
                0.9937411832920917,
                -0.11170703034828823,
                0.0,
                0.0,
                0.11170703034828823,
                0.9937411832920917,
                0.0,
                0.0,
                160.26544537611824,
                4.084660309542178,
                1.0
            ],
            "parent": "C_spine00_JNT",
            "isLocator": false,
            "isJoint": true,
            "isCurve": false,
            "children": [
                "C_spine02_JNT",
                "C_spine03_JNT",
                "C_spine04_JNT",
                "C_spine05_JNT",
                "C_spine06_JNT",
                "C_spine07_JNT"
            ]
        },
        "C_spine00_JNT": {
            "joint_matrix": [
                1.0,
                0.0,
                0.0,
                0.0,
                0.0,
                0.9937411832920917,
                -0.11170703034828823,
                0.0,
                0.0,
                0.11170703034828823,
                0.9937411832920917,
                0.0,
                0.0,
                155.1973653413286,
                4.654366164318445,
                1.0
            ],
            "parent": "C_guides_GRP",
            "isLocator": false,
            "isJoint": true,
            "isCurve": false,
            "children": [
                "C_spine01_JNT",
                "C_spine02_JNT",
                "C_spine03_JNT",
                "C_spine04_JNT",
                "C_spine05_JNT",
                "C_spine06_JNT",
                "C_spine07_JNT"
            ]
        },
        "L_tip_JNT": {
            "joint_matrix": [
                0.027815190041823402,
                -0.2178557868303202,
                0.9755845280381805,
                0.0,
                0.006208830183388735,
                0.9759809712000238,
                0.21776729387860727,
                0.0,
                -0.9995938003162541,
                3.427813588530171e-15,
                0.028499725776029994,
                0.0,
                16.68913747779034,
                2.407147716037368,
                30.657015271208145,
                1.0
            ],
            "parent": "L_ball_JNT",
            "isLocator": false,
            "isJoint": true,
            "isCurve": false,
            "children": []
        },
        "L_ball_JNT": {
            "joint_matrix": [
                0.027815190041823402,
                -0.2178557868303202,
                0.9755845280381805,
                0.0,
                0.006208830183388735,
                0.9759809712000238,
                0.21776729387860727,
                0.0,
                -0.9995938003162541,
                3.427813588530171e-15,
                0.028499725776029994,
                0.0,
                15.978875709607447,
                7.970102207102146,
                5.745433115760166,
                1.0
            ],
            "parent": "L_ankle_JNT",
            "isLocator": false,
            "isJoint": true,
            "isCurve": false,
            "children": [
                "L_tip_JNT"
            ]
        },
        "L_ankle_JNT": {
            "joint_matrix": [
                0.020265564054811554,
                -0.703111853848406,
                0.7107904247324932,
                0.0,
                0.020038495024558123,
                0.7110792649050157,
                0.7028262500357346,
                0.0,
                -0.9995938003162541,
                3.427813588530171e-15,
                0.028499725776029994,
                0.0,
                15.682245958412123,
                18.26164374552016,
                -4.658500683970093,
                1.0
            ],
            "parent": "L_knee_JNT",
            "isLocator": false,
            "isJoint": true,
            "isCurve": false,
            "children": [
                "L_ball_JNT",
                "L_tip_JNT"
            ]
        },
        "L_knee_JNT": {
            "joint_matrix": [
                0.0287010052018974,
                -0.9957786973132604,
                -0.08718393359734747,
                0.0,
                0.002511831003147396,
                -0.08714774226862296,
                0.9961922313100486,
                0.0,
                -0.9995848853426168,
                -0.028810709720305645,
                -2.220446049250313e-16,
                0.0,
                13.824476848381783,
                82.71676966468114,
                0.9847726992693517,
                1.0
            ],
            "parent": "L_hip_JNT",
            "isLocator": false,
            "isJoint": true,
            "isCurve": false,
            "children": [
                "L_ankle_JNT",
                "L_ball_JNT",
                "L_tip_JNT"
            ]
        },
        "L_hip_JNT": {
            "joint_matrix": [
                0.028781988996324337,
                -0.9985884225040917,
                -0.04464033546250563,
                0.0,
                0.0012861197468271304,
                -0.04462180460494469,
                0.9990031233433632,
                0.0,
                -0.9995848853426168,
                -0.028810709720305645,
                -2.220446049250313e-16,
                0.0,
                11.888904423453141,
                149.87127433420653,
                3.9209805917186635,
                1.0
            ],
            "parent": "C_guides_GRP",
            "isLocator": false,
            "isJoint": true,
            "isCurve": false,
            "children": [
                "L_knee_JNT",
                "L_ankle_JNT",
                "L_ball_JNT",
                "L_tip_JNT"
            ]
        },
        "L_wrist_JNT": {
            "joint_matrix": [
                0.48697499290455737,
                -0.7637871681284383,
                0.4236561318899411,
                0.0,
                0.8301305140602698,
                0.5555527169919712,
                0.0473762416076986,
                0.0,
                -0.27154868055587844,
                0.3286188376298287,
                0.9045833149263708,
                0.0,
                67.2508431567225,
                140.86060247927648,
                3.365597153256969,
                1.0
            ],
            "parent": "L_elbow_JNT",
            "isLocator": false,
            "isJoint": true,
            "isCurve": false,
            "children": []
        },
        "L_elbow_JNT": {
            "joint_matrix": [
                0.48697499290455737,
                -0.7637871681284383,
                0.4236561318899411,
                0.0,
                0.8301305140602698,
                0.5555527169919712,
                0.0473762416076986,
                0.0,
                -0.27154868055587844,
                0.3286188376298287,
                0.9045833149263708,
                0.0,
                46.5799302984597,
                173.28152393250465,
                -14.617582910946242,
                1.0
            ],
            "parent": "L_shoulder_JNT",
            "isLocator": false,
            "isJoint": true,
            "isCurve": false,
            "children": [
                "L_wrist_JNT"
            ]
        },
        "L_shoulder_JNT": {
            "joint_matrix": [
                0.5575536161990842,
                -0.827739152149258,
                -0.06310198937079543,
                0.0,
                0.8301305140602698,
                0.5555527169919712,
                0.0473762416076986,
                0.0,
                -0.004158688417830948,
                -0.07879768170489795,
                0.9968819542295753,
                0.0,
                20.66485735619222,
                211.75481131131815,
                -11.684604611038864,
                1.0
            ],
            "parent": "C_guides_GRP",
            "isLocator": false,
            "isJoint": true,
            "isCurve": false,
            "children": [
                "L_elbow_JNT",
                "L_wrist_JNT"
            ]
        },
        "L_clavicle_JNT": {
            "joint_matrix": [
                1.0,
                0.0,
                0.0,
                0.0,
                0.0,
                1.0,
                0.0,
                0.0,
                0.0,
                0.0,
                1.0,
                0.0,
                3.4478544796370407,
                211.75481131131815,
                -11.684604611038864,
                1.0
            ],
            "parent": "C_guides_GRP",
            "isLocator": false,
            "isJoint": true,
