{
    "jamal": {
        "R_ear02_JNT": {
            "joint_matrix": [
                0.3706599323846135,
                0.8672815885020526,
                -0.33231590508127945,
                0.0,
                -0.6457512774965645,
                0.49781788461781484,
                0.5789496017497539,
                0.0,
                0.6675451311605745,
                6.550362442418484e-16,
                0.7445693371767411,
                0.0,
                -14.836699751686627,
                265.539994127934,
                -8.640139987839978,
                1.0
            ],
            "parent": "R_ear01_JNT",
            "isLocator": false,
            "children": []
        },
        "R_ear01_JNT": {
            "joint_matrix": [
                -0.3706197737116906,
                0.867308754900764,
                -0.3322897937138329,
                0.0,
                0.6457629371353072,
                0.497770553239629,
                0.5789772926029957,
                0.0,
                0.6675561492161363,
                -4.0839215917050598e-16,
                -0.7445594587698979,
                0.0,
                -11.896299837031952,
                258.6589943276554,
                -6.003840064358755,
                1.0
            ],
            "parent": "R_ear00_JNT",
            "isLocator": false,
            "children": [
                "R_ear02_JNT"
            ]
        },
        "R_ear00_JNT": {
            "joint_matrix": [
                0.4357289295891581,
                0.7030287956150443,
                -0.5620416465486758,
                0.0,
                -0.4307460893505861,
                0.7111613829054979,
                0.5556143392436128,
                0.0,
                0.7903151943549253,
                -2.7755575615628914e-16,
                0.6127004925505909,
                0.0,
                -14.295499801635742,
                254.78799438476562,
                -2.909140110015869,
                1.0
            ],
            "parent": "C_guides_GRP",
            "isLocator": false,
            "children": [
                "R_ear01_JNT",
                "R_ear02_JNT"
            ]
        },
        "L_ear02_JNT": {
            "joint_matrix": [
                0.37065993238461364,
                0.8672815885020526,
                -0.33231590508127934,
                0.0,
                -0.6457512774965642,
                0.49781788461781495,
                0.5789496017497546,
                0.0,
                0.6675451311605749,
                8.329439725095438e-17,
                0.7445693371767408,
                0.0,
                14.83674635011998,
                265.5396117845039,
                -8.640143323441555,
                1.0
            ],
            "parent": "L_ear01_JNT",
            "isLocator": false,
            "children": []
        },
        "L_ear01_JNT": {
            "joint_matrix": [
                0.37065993238461364,
                0.8672815885020526,
                -0.33231590508127934,
                0.0,
                -0.6457512774965642,
                0.49781788461781495,
                0.5789496017497546,
                0.0,
                0.6675451311605749,
                8.329439725095438e-17,
                0.7445693371767408,
                0.0,
                11.896256534395722,
                258.65936265169734,
                -6.003841287210938,
                1.0
            ],
            "parent": "L_ear00_JNT",
            "isLocator": false,
            "children": [
                "L_ear02_JNT"
            ]
        },
        "L_ear00_JNT": {
            "joint_matrix": [
                -0.4357309164269274,
                0.7030401191079845,
                -0.5620259419229516,
                0.0,
                0.4307617719018377,
                0.7111501887257226,
                0.5556165088830229,
                0.0,
                0.790305551250742,
                -3.885780586188048e-16,
                -0.612712930875676,
                0.0,
                14.295534133911133,
                254.78819274902344,
                -2.909141778945923,
                1.0
            ],
            "parent": "C_guides_GRP",
            "isLocator": false,
            "children": [
                "L_ear01_JNT",
                "L_ear02_JNT"
            ]
        },
        "R_nosetril_JNT": {
            "joint_matrix": [
                1.0,
                0.0,
                0.0,
                0.0,
                0.0,
                1.0,
                0.0,
                0.0,
                0.0,
                0.0,
                1.0,
                0.0,
                -1.9037400484085083,
                255.52699279785156,
                15.82800006866455,
                1.0
            ],
            "parent": "C_guides_GRP",
            "isLocator": false,
            "children": []
        },
        "R_nose_JNT": {
            "joint_matrix": [
                1.0,
                0.0,
                0.0,
                0.0,
                0.0,
                1.0,
                0.0,
                0.0,
                0.0,
                0.0,
                1.0,
                0.0,
                -5.278629779815674,
                258.4289855957031,
                14.176799774169922,
                1.0
            ],
            "parent": "C_guides_GRP",
            "isLocator": false,
            "children": []
        },
        "L_nose_JNT": {
            "joint_matrix": [
                1.0,
                0.0,
                0.0,
                0.0,
                0.0,
                1.0,
                0.0,
                0.0,
                0.0,
                0.0,
                1.0,
                0.0,
                5.278629302978516,
                258.4294738769531,
                14.176798820495605,
                1.0
            ],
            "parent": "C_guides_GRP",
            "isLocator": false,
            "children": []
        },
        "L_nosetril_JNT": {
            "joint_matrix": [
                1.0,
                0.0,
                0.0,
                0.0,
                0.0,
                1.0,
                0.0,
                0.0,
                0.0,
                0.0,
                1.0,
                0.0,
                1.9037373065948486,
                255.52682495117188,
                15.828032493591309,
                1.0
            ],
            "parent": "C_guides_GRP",
            "isLocator": false,
            "children": []
        },
        "C_noseTip_JNT": {
            "joint_matrix": [
                1.0,
                0.0,
                0.0,
                0.0,
                0.0,
                1.0,
                0.0,
                0.0,
                0.0,
                0.0,
                1.0,
                0.0,
                -9.916970157064497e-05,
                259.36846923828125,
                20.72393035888672,
                1.0
            ],
            "parent": "C_guides_GRP",
            "isLocator": false,
            "children": []
        },
        "C_noseMain_JNT": {
            "joint_matrix": [
                1.0,
                0.0,
                0.0,
                0.0,
                0.0,
                1.0,
                0.0,
                0.0,
                0.0,
                0.0,
                1.0,
                0.0,
                0.00020623810996767133,
                265.56988525390625,
                11.248538970947266,
                1.0
            ],
            "parent": "C_guides_GRP",
            "isLocator": false,
            "children": []
        },
        "R_tip_JNT": {
            "joint_matrix": [
                0.027815190041820155,
                0.21785578683032025,
                -0.9755845280381805,
                0.0,
                0.006208830183382693,
                -0.9759809712000238,
                -0.21776729387860763,
                0.0,
                -0.9995938003162541,
                1.7705243690488044e-15,
                -0.028499725776025563,
                0.0,
                -16.689099999999996,
                2.4071500000000015,
                30.657000000000004,
                1.0
            ],
            "parent": "R_ball_JNT",
            "isLocator": false,
            "children": []
        },
        "R_ball_JNT": {
            "joint_matrix": [
                0.027815190041820155,
                0.21785578683032025,
                -0.9755845280381805,
                0.0,
                0.0062088091185169576,
                -0.9759809712000236,
                -0.21776729447919443,
                0.0,
                -0.9995938004470952,
                2.0567264303982687e-08,
                -0.02849972118692266,
                0.0,
                -15.9789,
                7.970099999999999,
                5.745429999999992,
                1.0
            ],
            "parent": "R_ankle_JNT",
            "isLocator": false,
            "children": [
                "R_tip_JNT"
            ]
        },
        "R_ankle_JNT": {
            "joint_matrix": [
                0.020265564054811506,
                0.7031118538484064,
                -0.7107904247324928,
                0.0,
                0.020038495024552072,
                -0.7110792649050153,
                -0.7028262500357352,
                0.0,
                -0.9995938003162541,
                8.638922910364499e-16,
                -0.028499725776025768,
                0.0,
                -15.682199999999993,
                18.261599999999888,
                -4.658500000000011,
                1.0
            ],
            "parent": "R_knee_JNT",
            "isLocator": false,
            "children": [
                "R_ball_JNT",
                "R_tip_JNT"
            ]
        },
        "R_knee_JNT": {
            "joint_matrix": [
                0.028701005201897632,
                0.9957786973132605,
                0.08718393359734694,
                0.0,
                0.002511831003147117,
                0.08714774226862236,
                -0.9961922313100486,
                0.0,
                -0.9995848853426167,
                0.02881070972030586,
                4.440892098500626e-16,
                0.0,
                -13.82450000000002,
                82.71680000000002,
                0.9847730000000032,
                1.0
            ],
            "parent": "R_hip_JNT",
            "isLocator": false,
            "children": [
                "R_ankle_JNT",
                "R_ball_JNT",
                "R_tip_JNT"
            ]
        },
        "R_hip_JNT": {
            "joint_matrix": [
                0.02878198899632456,
                0.9985884225040917,
                0.044640335462505454,
                0.0,
                0.0012861197468268526,
                0.04462180460494447,
                -0.9990031233433632,
                0.0,
                -0.9995848853426167,
                0.02881070972030586,
                4.440892098500626e-16,
                0.0,
                -11.8889,
                149.871,
                3.92098,
                1.0
            ],
            "parent": "C_guides_GRP",
            "isLocator": false,
            "children": [
                "R_knee_JNT",
                "R_ankle_JNT",
                "R_ball_JNT",
                "R_tip_JNT"
            ]
        },
        "C_throat_JNT": {
            "joint_matrix": [
                1.0,
                0.0,
                0.0,
                0.0,
                0.0,
                1.0,
                0.0,
                0.0,
                0.0,
                0.0,
                1.0,
                0.0,
                0.000236053438129602,
                226.9106674194336,
                -5.166164040565491,
                1.0
            ],
            "parent": "C_guides_GRP",
            "isLocator": false,
            "children": []
        },
        "C_neck04_JNT": {
            "joint_matrix": [
                1.0,
                0.0,
                0.0,
                0.0,
                0.0,
                0.9630864735701314,
                0.26919220721679227,
                0.0,
                0.0,
                -0.26919220721679227,
                0.9630864735701314,
                0.0,
                0.0,
                240.35099645097233,
                -5.394489902379486,
                1.0
            ],
            "parent": "C_neck03_JNT",
            "isLocator": false,
            "children": []
        },
        "C_neck03_JNT": {
            "joint_matrix": [
                1.0,
                0.0,
                0.0,
                0.0,
                0.0,
                0.9630864735701314,
                0.26919220721679227,
                0.0,
                0.0,
                -0.26919220721679227,
                0.9630864735701314,
                0.0,
                0.0,
                234.57247760955153,
                -7.009643145680247,
                1.0
            ],
            "parent": "C_neck02_JNT",
            "isLocator": false,
            "children": [
                "C_neck04_JNT"
            ]
        },
        "C_neck02_JNT": {
            "joint_matrix": [
                1.0,
                0.0,
                0.0,
                0.0,
                0.0,
                0.9630864735701314,
                0.26919220721679227,
                0.0,
                0.0,
                -0.26919220721679227,
                0.9630864735701314,
                0.0,
                0.0,
                228.79395876813075,
                -8.624796388981014,
                1.0
            ],
            "parent": "C_neck01_JNT",
            "isLocator": false,
            "children": [
                "C_neck03_JNT",
                "C_neck04_JNT"
            ]
        },
        "C_neck01_JNT": {
            "joint_matrix": [
                1.0,
                0.0,
                0.0,
                0.0,
                0.0,
                0.9630864735701314,
                0.26919220721679227,
                0.0,
                0.0,
                -0.26919220721679227,
                0.9630864735701314,
                0.0,
                0.0,
                223.01543992670992,
                -10.239949632281721,
                1.0
            ],
            "parent": "C_neck00_JNT",
            "isLocator": false,
            "children": [
                "C_neck02_JNT",
                "C_neck03_JNT",
                "C_neck04_JNT"
            ]
        },
        "C_neck00_JNT": {
            "joint_matrix": [
                1.0,
                0.0,
                0.0,
                0.0,
                0.0,
                0.9630864735701314,
                0.26919220721679227,
                0.0,
                0.0,
                -0.26919220721679227,
                0.9630864735701314,
                0.0,
                0.0,
                217.23692108528917,
                -11.855102875582482,
                1.0
            ],
            "parent": "C_guides_GRP",
            "isLocator": false,
            "children": [
                "C_neck01_JNT",
                "C_neck02_JNT",
                "C_neck03_JNT",
                "C_neck04_JNT"
            ]
        },
        "C_spine07_JNT": {
            "joint_matrix": [
                1.0,
                0.0,
                0.0,
                0.0,
                0.0,
                0.9937411832920917,
                -0.11170703034828823,
                0.0,
                0.0,
                0.11170703034828823,
                0.9937411832920917,
                0.0,
                0.0,
                190.67392558485608,
                0.6664251808845612,
                1.0
            ],
            "parent": "C_spine06_JNT",
            "isLocator": false,
            "children": []
        },
        "C_spine06_JNT": {
            "joint_matrix": [
                1.0,
                0.0,
                0.0,
                0.0,
                0.0,
                0.9937411832920917,
                -0.11170703034828823,
                0.0,
                0.0,
                0.11170703034828823,
                0.9937411832920917,
                0.0,
                0.0,
                185.6058455500666,
                1.236131035660822,
                1.0
            ],
            "parent": "C_spine05_JNT",
            "isLocator": false,
            "children": [
                "C_spine07_JNT"
            ]
        },
        "C_spine05_JNT": {
            "joint_matrix": [
                1.0,
                0.0,
                0.0,
                0.0,
                0.0,
                0.9937411832920917,
                -0.11170703034828823,
                0.0,
                0.0,
                0.11170703034828823,
                0.9937411832920917,
                0.0,
                0.0,
                180.53776551527687,
                1.8058368904370976,
                1.0
            ],
            "parent": "C_spine04_JNT",
            "isLocator": false,
            "children": [
                "C_spine06_JNT",
                "C_spine07_JNT"
            ]
        },
        "C_spine04_JNT": {
            "joint_matrix": [
                1.0,
                0.0,
                0.0,
                0.0,
                0.0,
                0.9937411832920917,
                -0.11170703034828823,
                0.0,
                0.0,
                0.11170703034828823,
                0.9937411832920917,
                0.0,
                0.0,
                175.46968548048727,
                2.375542745213357,
                1.0
            ],
            "parent": "C_spine03_JNT",
            "isLocator": false,
            "children": [
                "C_spine05_JNT",
                "C_spine06_JNT",
                "C_spine07_JNT"
            ]
        },
        "C_spine03_JNT": {
            "joint_matrix": [
                1.0,
                0.0,
                0.0,
                0.0,
                0.0,
                0.9937411832920917,
                -0.11170703034828823,
                0.0,
                0.0,
                0.11170703034828823,
                0.9937411832920917,
                0.0,
                0.0,
                170.40160544569756,
                2.9452485999896325,
                1.0
            ],
            "parent": "C_spine02_JNT",
            "isLocator": false,
            "children": [
                "C_spine04_JNT",
                "C_spine05_JNT",
                "C_spine06_JNT",
                "C_spine07_JNT"
            ]
        },
        "C_spine02_JNT": {
            "joint_matrix": [
                1.0,
                0.0,
                0.0,
                0.0,
                0.0,
                0.9937411832920917,
                -0.11170703034828823,
                0.0,
                0.0,
                0.11170703034828823,
                0.9937411832920917,
                0.0,
                0.0,
                165.33352541090795,
                3.514954454765899,
                1.0
            ],
            "parent": "C_spine01_JNT",
            "isLocator": false,
            "children": [
                "C_spine03_JNT",
                "C_spine04_JNT",
                "C_spine05_JNT",
                "C_spine06_JNT",
                "C_spine07_JNT"
            ]
        },
        "C_spine01_JNT": {
            "joint_matrix": [
                1.0,
                0.0,
                0.0,
                0.0,
                0.0,
                0.9937411832920917,
                -0.11170703034828823,
                0.0,
                0.0,
                0.11170703034828823,
                0.9937411832920917,
                0.0,
                0.0,
                160.26544537611824,
                4.084660309542178,
                1.0
            ],
            "parent": "C_spine00_JNT",
            "isLocator": false,
            "children": [
                "C_spine02_JNT",
                "C_spine03_JNT",
                "C_spine04_JNT",
                "C_spine05_JNT",
                "C_spine06_JNT",
                "C_spine07_JNT"
            ]
        },
        "C_spine00_JNT": {
            "joint_matrix": [
                1.0,
                0.0,
                0.0,
                0.0,
                0.0,
                0.9937411832920917,
                -0.11170703034828823,
                0.0,
                0.0,
                0.11170703034828823,
                0.9937411832920917,
                0.0,
                0.0,
                155.1973653413286,
                4.654366164318445,
                1.0
            ],
            "parent": "C_guides_GRP",
            "isLocator": false,
            "children": [
                "C_spine01_JNT",
                "C_spine02_JNT",
                "C_spine03_JNT",
                "C_spine04_JNT",
                "C_spine05_JNT",
                "C_spine06_JNT",
                "C_spine07_JNT"
            ]
        },
        "L_tip_JNT": {
            "joint_matrix": [
                0.027815190041823402,
                -0.2178557868303202,
                0.9755845280381805,
                0.0,
                0.006208830183388735,
                0.9759809712000238,
                0.21776729387860727,
                0.0,
                -0.9995938003162541,
                3.427813588530171e-15,
                0.028499725776029994,
                0.0,
                16.68913747779034,
                2.40714771603737,
                30.65701527120812,
                1.0
            ],
            "parent": "L_ball_JNT",
            "isLocator": false,
            "children": []
        },
        "L_ball_JNT": {
            "joint_matrix": [
                0.027815190041823402,
                -0.2178557868303202,
                0.9755845280381805,
                0.0,
                0.006208830183388735,
                0.9759809712000238,
                0.21776729387860727,
                0.0,
                -0.9995938003162541,
                3.427813588530171e-15,
                0.028499725776029994,
                0.0,
                15.978875709607435,
                7.970102207102114,
                5.745433115760175,
                1.0
            ],
            "parent": "L_ankle_JNT",
            "isLocator": false,
            "children": [
                "L_tip_JNT"
            ]
        },
        "L_ankle_JNT": {
            "joint_matrix": [
                0.020265564054811554,
                -0.703111853848406,
                0.7107904247324932,
                0.0,
                0.020038495024558123,
                0.7110792649050157,
                0.7028262500357346,
                0.0,
                -0.9995938003162541,
                3.427813588530171e-15,
                0.028499725776029994,
                0.0,
                15.682245958412075,
                18.26164374552036,
                -4.658500683970088,
                1.0
            ],
            "parent": "L_knee_JNT",
            "isLocator": false,
            "children": [
                "L_ball_JNT",
                "L_tip_JNT"
            ]
        },
        "L_knee_JNT": {
            "joint_matrix": [
                0.0287010052018974,
                -0.9957786973132604,
                -0.08718393359734747,
                0.0,
                0.002511831003147396,
                -0.08714774226862296,
                0.9961922313100486,
                0.0,
                -0.9995848853426168,
                -0.028810709720305645,
                -2.220446049250313e-16,
                0.0,
                13.824476848381764,
                82.71676966468134,
                0.9847726992693517,
                1.0
            ],
            "parent": "L_hip_JNT",
            "isLocator": false,
            "children": [
                "L_ankle_JNT",
                "L_ball_JNT",
                "L_tip_JNT"
            ]
        },
        "L_hip_JNT": {
            "joint_matrix": [
                0.028781988996324337,
                -0.9985884225040917,
                -0.04464033546250563,
                0.0,
                0.0012861197468271304,
                -0.04462180460494469,
                0.9990031233433632,
                0.0,
                -0.9995848853426168,
                -0.028810709720305645,
                -2.220446049250313e-16,
                0.0,
                11.888904423453141,
                149.87127433420653,
                3.9209805917186635,
                1.0
            ],
            "parent": "C_guides_GRP",
            "isLocator": false,
            "children": [
                "L_knee_JNT",
                "L_ankle_JNT",
                "L_ball_JNT",
                "L_tip_JNT"
            ]
        },
        "L_wrist_JNT": {
            "joint_matrix": [
                0.48697499290454543,
                -0.7637871681284457,
                0.42365613188994145,
                0.0,
                0.8301305140602784,
                0.5555527169919583,
                0.04737624160769857,
                0.0,
                -0.2715486805558735,
                0.3286188376298331,
                0.9045833149263707,
                0.0,
                67.25084315672255,
                140.8606024792767,
                3.3655971532569566,
                1.0
            ],
            "parent": "L_elbow_JNT",
            "isLocator": false,
            "children": []
        },
        "L_elbow_JNT": {
            "joint_matrix": [
                0.48697499290454543,
                -0.7637871681284457,
                0.42365613188994145,
                0.0,
                0.8301305140602784,
                0.5555527169919583,
                0.04737624160769857,
                0.0,
                -0.2715486805558735,
                0.3286188376298331,
                0.9045833149263707,
                0.0,
                46.579930298459686,
                173.28152393250483,
                -14.617582910946236,
                1.0
            ],
            "parent": "L_shoulder_JNT",
            "isLocator": false,
            "children": [
                "L_wrist_JNT"
            ]
        },
        "L_shoulder_JNT": {
            "joint_matrix": [
                0.5575536161990713,
                -0.8277391521492665,
                -0.06310198937079695,
                0.0,
                0.8301305140602784,
                0.5555527169919583,
                0.04737624160769857,
                0.0,
                -0.004158688417831284,
                -0.07879768170489915,
                0.9968819542295752,
                0.0,
                20.66485735619222,
                211.75481131131815,
                -11.684604611038864,
                1.0
            ],
            "parent": "C_guides_GRP",
            "isLocator": false,
            "children": [
                "L_elbow_JNT",
                "L_wrist_JNT"
            ]
        },
        "L_clavicle_JNT": {
            "joint_matrix": [
                1.0,
                0.0,
                0.0,
                0.0,
                0.0,
                1.0,
                0.0,
                0.0,
                0.0,
                0.0,
                1.0,
                0.0,
                3.4478544796370407,
                211.75481131131815,
                -11.684604611038864,
                1.0
            ],
            "parent": "C_guides_GRP",
            "isLocator": false,
            "children": []
        },
        "L_thumb03End_JNT": {
            "joint_matrix": [
                -0.19509539430148806,
                -0.6050654884186428,
                0.7719025468587702,
                0.0,
                -0.062045945783253884,
                0.7930634456958587,
                0.6059708505471804,
                0.0,
                -0.9788197422070155,
                0.07032869845035537,
                -0.19226488613387138,
                0.0,
                63.69340281646803,
                130.0164956273581,
                21.977319915301088,
                1.0
            ],
            "parent": "L_thumb02_JNT",
            "isLocator": false,
            "children": []
        },
        "L_thumb02_JNT": {
            "joint_matrix": [
                -0.19509539430148806,
                -0.6050654884186428,
                0.7719025468587702,
                0.0,
                -0.062045945783253884,
                0.7930634456958587,
                0.6059708505471804,
                0.0,
                -0.9788197422070155,
                0.07032869845035537,
                -0.19226488613387138,
                0.0,
                64.68952941894534,
                133.10586547851574,
                18.036106109619173,
                1.0
            ],
            "parent": "L_thumb01_JNT",
            "isLocator": false,
            "children": [
                "L_thumb03End_JNT"
            ]
        },
        "L_thumb01_JNT": {
            "joint_matrix": [
                -0.20365857931559717,
                -0.43019078903289537,
                0.8794652171077646,
                0.0,
                -0.020858939017701635,
                0.8999943106517585,
                0.4354022800325257,
                0.0,
                -0.9788197422070155,
                0.07032869845035537,
                -0.19226488613387138,
                0.0,
                65.58465516826979,
                134.99665178214028,
                14.170656570915803,
                1.0
            ],
            "parent": "L_thumb00_JNT",
            "isLocator": false,
            "children": [
                "L_thumb02_JNT",
                "L_thumb03End_JNT"
            ]
        },
        "L_thumb00_JNT": {
            "joint_matrix": [
                -0.20365857931559717,
                -0.43019078903289537,
                0.8794652171077646,
                0.0,
                -0.020858939017701635,
                0.8999943106517585,
                0.4354022800325257,
                0.0,
                -0.9788197422070155,
                0.07032869845035537,
                -0.19226488613387138,
                0.0,
                66.41201283542426,
                136.74429064342314,
                10.59785206243402,
                1.0
            ],
            "parent": "C_guides_GRP",
            "isLocator": false,
            "children": [
                "L_thumb01_JNT",
                "L_thumb02_JNT",
                "L_thumb03End_JNT"
            ]
        },
        "L_index04End_JNT": {
            "joint_matrix": [
                0.02356114216621907,
                -0.9252870250034234,
                0.3785350630260518,
                0.0,
                0.9957144709165502,
                0.05559030304677557,
                0.07390812279135645,
                0.0,
                -0.08942910592865043,
                0.3751714802160227,
                0.9226314515803808,
                0.0,
                73.3677974851096,
                114.83999252966424,
                19.867572097865114,
                1.0
            ],
            "parent": "L_index03_JNT",
            "isLocator": false,
            "children": []
        },
        "L_index03_JNT": {
            "joint_matrix": [
                0.02356114216621907,
                -0.9252870250034234,
                0.3785350630260518,
                0.0,
                0.9957144709165502,
                0.05559030304677557,
                0.07390812279135645,
                0.0,
                -0.08942910592865043,
                0.3751714802160227,
                0.9226314515803808,
                0.0,
                73.25946273492019,
                119.09448656055793,
                18.12705794105804,
                1.0
            ],
            "parent": "L_index02_JNT",
            "isLocator": false,
            "children": [
                "L_index04End_JNT"
            ]
        },
        "L_index02_JNT": {
            "joint_matrix": [
                0.051413014250436456,
                -0.9233692605014204,
                0.3804548734432823,
                0.0,
                0.9946653391862444,
                0.08145900314623358,
                0.06328739074993746,
                0.0,
                -0.08942910592865043,
                0.3751714802160227,
                0.9226314515803808,
                0.0,
                73.03533707077025,
                123.11974654157011,
                16.468534268935077,
                1.0
            ],
            "parent": "L_index01_JNT",
            "isLocator": false,
            "children": [
                "L_index03_JNT",
                "L_index04End_JNT"
            ]
        },
        "L_index01_JNT": {
            "joint_matrix": [
                0.249194273868283,
                -0.8884526146143319,
                0.3854272505366172,
                0.0,
                0.9643156375814204,
                0.26438288904064056,
                -0.014037061603589123,
                0.0,
                -0.08942910592865043,
                0.3751714802160227,
                0.9226314515803808,
                0.0,
                71.17449902456507,
                129.75419444384667,
                13.590387509343515,
                1.0
            ],
            "parent": "L_index00_JNT",
            "isLocator": false,
            "children": [
                "L_index02_JNT",
                "L_index03_JNT",
                "L_index04End_JNT"
            ]
        },
        "L_index00_JNT": {
            "joint_matrix": [
                0.2756338987709581,
                -0.875964913654616,
                0.39586793744174575,
                0.0,
                0.9554788787037679,
                0.29477233052399887,
                -0.013014818801677926,
                0.0,
                -0.10529038987158973,
                0.3818307782297167,
                0.9182152201946869,
                0.0,
                69.31930194889424,
                135.65001333059675,
                10.925936427061812,
                1.0
            ],
            "parent": "C_guides_GRP",
            "isLocator": false,
            "children": [
                "L_index01_JNT",
                "L_index02_JNT",
                "L_index03_JNT",
                "L_index04End_JNT"
            ]
        },
        "L_middle04End_JNT": {
            "joint_matrix": [
                0.08126564488716974,
                -0.961197973181176,
                0.2636178129669391,
                0.0,
                0.9911203819404152,
                0.050004829282192395,
                -0.12320675935493429,
                0.0,
                0.10524392364102697,
                0.2712894642275266,
                0.95672657699877,
                0.0,
                73.6535722915653,
                111.95954661612271,
                15.033588512775,
                1.0
            ],
            "parent": "L_middle03_JNT",
            "isLocator": false,
            "children": []
        },
        "L_middle03_JNT": {
            "joint_matrix": [
                0.08126564488716974,
                -0.961197973181176,
                0.2636178129669391,
                0.0,
                0.9911203819404152,
                0.050004829282192395,
                -0.12320675935493429,
                0.0,
                0.10524392364102697,
                0.2712894642275266,
                0.95672657699877,
                0.0,
                73.25963530950153,
                116.6189747083559,
                13.755695427663694,
                1.0
            ],
            "parent": "L_middle02_JNT",
            "isLocator": false,
            "children": [
                "L_middle04End_JNT"
            ]
        },
        "L_middle02_JNT": {
            "joint_matrix": [
                0.06675481452713325,
                -0.9618267463619076,
                0.26539235995091304,
                0.0,
                0.992203361853854,
                0.03593517193514609,
                -0.1193362985176839,
                0.0,
                0.10524392364102697,
                0.2712894642275266,
                0.95672657699877,
                0.0,
                72.9033825767466,
                121.7519888475684,
                12.339366820438197,
                1.0
            ],
            "parent": "L_middle01_JNT",
            "isLocator": false,
            "children": [
                "L_middle03_JNT",
                "L_middle04End_JNT"
            ]
        },
        "L_middle01_JNT": {
            "joint_matrix": [
                0.203139853896842,
                -0.947647915757418,
                0.24636888504718168,
                0.0,
                0.9734772294693963,
                0.1684204689453253,
                -0.15484388701148435,
                0.0,
                0.10524392364102697,
                0.2712894642275266,
                0.95672657699877,
                0.0,
                71.3223144127672,
                129.1276757033163,
                10.42184057794617,
                1.0
            ],
            "parent": "L_middle00_JNT",
            "isLocator": false,
            "children": [
                "L_middle02_JNT",
                "L_middle03_JNT",
                "L_middle04End_JNT"
            ]
        },
        "L_middle00_JNT": {
            "joint_matrix": [
                0.25082077105492695,
                -0.9382068651070783,
                0.23844667972811173,
                0.0,
                0.9622955145609138,
                0.2148718335778106,
                -0.16678560426744288,
                0.0,
                0.10524392364102697,
                0.2712894642275266,
                0.95672657699877,
                0.0,
                69.76223210983915,
                134.96323677181582,
                8.938723993656854,
                1.0
            ],
            "parent": "C_guides_GRP",
            "isLocator": false,
            "children": [
                "L_middle01_JNT",
                "L_middle02_JNT",
                "L_middle03_JNT",
                "L_middle04End_JNT"
            ]
        },
        "L_ring04End_JNT": {
            "joint_matrix": [
                0.06591369402078795,
                -0.9776259599698186,
                0.19975702073675589,
                0.0,
                0.9662743487303483,
                0.01259363953164841,
                -0.257206693593087,
                0.0,
                0.24893627282153002,
                0.2099735284183168,
                0.9454849810744151,
                0.0,
                72.1630369300232,
                112.33568197595733,
                10.0337788582871,
                1.0
            ],
            "parent": "L_ring03_JNT",
            "isLocator": false,
            "children": []
        },
        "L_ring03_JNT": {
            "joint_matrix": [
                0.06591369402078795,
                -0.9776259599698186,
                0.19975702073675589,
                0.0,
                0.9662743487303483,
                0.01259363953164841,
                -0.257206693593087,
                0.0,
