{
    "jamal": {
        "L_eyebrow03_JNT": {
            "joint_matrix": [
                1.0,
                0.0,
                0.0,
                0.0,
                0.0,
                1.0,
                0.0,
                0.0,
                0.0,
                0.0,
                1.0,
                0.0,
                6.706270217895508,
                270.0937805175781,
                9.407651901245117,
                1.0
            ],
            "parent": "L_eyebrowMain_JNT",
            "isLocator": false,
            "children": []
        },
        "L_eyebrow02_JNT": {
            "joint_matrix": [
                1.0,
                0.0,
                0.0,
                0.0,
                0.0,
                1.0,
                0.0,
                0.0,
                0.0,
                0.0,
                1.0,
                0.0,
                5.073763847351074,
                270.21405029296875,
                10.35217571258545,
                1.0
            ],
            "parent": "L_eyebrowMain_JNT",
            "isLocator": false,
            "children": []
        },
        "L_eyebrow01_JNT": {
            "joint_matrix": [
                1.0,
                0.0,
                0.0,
                0.0,
                0.0,
                1.0,
                0.0,
                0.0,
                0.0,
                0.0,
                1.0,
                0.0,
                3.479048252105713,
                270.1772155761719,
                10.960708618164062,
                1.0
            ],
            "parent": "L_eyebrowMain_JNT",
            "isLocator": false,
            "children": []
        },
        "L_eyebrow00_JNT": {
            "joint_matrix": [
                1.0,
                0.0,
                0.0,
                0.0,
                0.0,
                1.0,
                0.0,
                0.0,
                0.0,
                0.0,
                1.0,
                0.0,
                2.0913503170013428,
                269.9249572753906,
                11.356803894042969,
                1.0
            ],
            "parent": "L_eyebrowMain_JNT",
            "isLocator": false,
            "children": []
        },
        "L_eyebrowMain_JNT": {
            "joint_matrix": [
                1.0,
                0.0,
                0.0,
                0.0,
                0.0,
                1.0,
                0.0,
                0.0,
                0.0,
                0.0,
                1.0,
                0.0,
                5.636302471160889,
                269.81787109375,
                8.806564331054688,
                1.0
            ],
            "parent": "C_guides_GRP",
            "isLocator": false,
            "children": [
                "L_eyebrow00_JNT",
                "L_eyebrow01_JNT",
                "L_eyebrow02_JNT",
                "L_eyebrow03_JNT"
            ]
        },
        "C_eyebrowMid_JNT": {
            "joint_matrix": [
                1.0,
                0.0,
                0.0,
                0.0,
                0.0,
                1.0,
                0.0,
                0.0,
                0.0,
                0.0,
                1.0,
                0.0,
                -8.410404552705586e-05,
                269.7998046875,
                11.461965560913086,
                1.0
            ],
            "parent": "C_guides_GRP",
            "isLocator": false,
            "children": []
        },
        "R_ear02_JNT": {
            "joint_matrix": [
                0.370659932384614,
                0.8672815885020523,
                -0.3323159050812799,
                0.0,
                -0.6457512774965644,
                0.49781788461781573,
                0.5789496017497534,
                0.0,
                0.6675451311605745,
                8.5896995546223575e-16,
                0.7445693371767411,
                0.0,
                -14.836699751686595,
                265.539994127934,
                -8.640139987839916,
                1.0
            ],
            "parent": "R_ear01_JNT",
            "isLocator": false,
            "children": []
        },
        "R_ear01_JNT": {
            "joint_matrix": [
                -0.3706197737116909,
                0.8673087549007639,
                -0.33228979371383294,
                0.0,
                0.645762937135307,
                0.4977705532396294,
                0.5789772926029957,
                0.0,
                0.6675561492161364,
                -2.4185870547673254e-16,
                -0.7445594587698978,
                0.0,
                -11.896299837032052,
                258.6589943276554,
                -6.00384006435868,
                1.0
            ],
            "parent": "R_ear00_JNT",
            "isLocator": false,
            "children": [
                "R_ear02_JNT"
            ]
        },
        "R_ear00_JNT": {
            "joint_matrix": [
                0.4357289295891581,
                0.7030287956150443,
                -0.5620416465486758,
                0.0,
                -0.4307460893505861,
                0.7111613829054979,
                0.5556143392436128,
                0.0,
                0.7903151943549253,
                -2.7755575615628914e-16,
                0.6127004925505909,
                0.0,
                -14.295499801635742,
                254.78799438476562,
                -2.909140110015869,
                1.0
            ],
            "parent": "C_guides_GRP",
            "isLocator": false,
            "children": [
                "R_ear01_JNT",
                "R_ear02_JNT"
            ]
        },
        "L_ear02_JNT": {
            "joint_matrix": [
                0.3706599323846138,
                0.8672815885020525,
                -0.33231590508127923,
                0.0,
                -0.6457512774965641,
                0.49781788461781507,
                0.5789496017497544,
                0.0,
                0.6675451311605748,
                -8.323905644281906e-17,
                0.7445693371767409,
                0.0,
                14.83674635011992,
                265.5396117845039,
                -8.640143323441514,
                1.0
            ],
            "parent": "L_ear01_JNT",
            "isLocator": false,
            "children": []
        },
        "L_ear01_JNT": {
            "joint_matrix": [
                0.3706599323846138,
                0.8672815885020525,
                -0.33231590508127923,
                0.0,
                -0.6457512774965641,
                0.49781788461781507,
                0.5789496017497544,
                0.0,
                0.6675451311605748,
                -8.323905644281906e-17,
                0.7445693371767409,
                0.0,
                11.896256534395599,
                258.6593626516974,
                -6.003841287210971,
                1.0
            ],
            "parent": "L_ear00_JNT",
            "isLocator": false,
            "children": [
                "L_ear02_JNT"
            ]
        },
        "L_ear00_JNT": {
            "joint_matrix": [
                -0.4357309164269274,
                0.7030401191079845,
                -0.5620259419229516,
                0.0,
                0.4307617719018377,
                0.7111501887257226,
                0.5556165088830229,
                0.0,
                0.790305551250742,
                -3.885780586188048e-16,
                -0.612712930875676,
                0.0,
                14.295534133911133,
                254.78819274902344,
                -2.909141778945923,
                1.0
            ],
            "parent": "C_guides_GRP",
            "isLocator": false,
            "children": [
                "L_ear01_JNT",
                "L_ear02_JNT"
            ]
        },
        "R_nosetril_JNT": {
            "joint_matrix": [
                1.0,
                0.0,
                0.0,
                0.0,
                0.0,
                1.0,
                0.0,
                0.0,
                0.0,
                0.0,
                1.0,
                0.0,
                -1.9037400484085083,
                255.52699279785156,
                15.82800006866455,
                1.0
            ],
            "parent": "C_guides_GRP",
            "isLocator": false,
            "children": []
        },
        "R_nose_JNT": {
            "joint_matrix": [
                1.0,
                0.0,
                0.0,
                0.0,
                0.0,
                1.0,
                0.0,
                0.0,
                0.0,
                0.0,
                1.0,
                0.0,
                -5.278629779815674,
                258.4289855957031,
                14.176799774169922,
                1.0
            ],
            "parent": "C_guides_GRP",
            "isLocator": false,
            "children": []
        },
        "L_nose_JNT": {
            "joint_matrix": [
                1.0,
                0.0,
                0.0,
                0.0,
                0.0,
                1.0,
                0.0,
                0.0,
                0.0,
                0.0,
                1.0,
                0.0,
                5.278629302978516,
                258.4294738769531,
                14.176798820495605,
                1.0
            ],
            "parent": "C_guides_GRP",
            "isLocator": false,
            "children": []
        },
        "L_nosetril_JNT": {
            "joint_matrix": [
                1.0,
                0.0,
                0.0,
                0.0,
                0.0,
                1.0,
                0.0,
                0.0,
                0.0,
                0.0,
                1.0,
                0.0,
                1.9037373065948486,
                255.52682495117188,
                15.828032493591309,
                1.0
            ],
            "parent": "C_guides_GRP",
            "isLocator": false,
            "children": []
        },
        "C_noseTip_JNT": {
            "joint_matrix": [
                1.0,
                0.0,
                0.0,
                0.0,
                0.0,
                1.0,
                0.0,
                0.0,
                0.0,
                0.0,
                1.0,
                0.0,
                -9.916970157064497e-05,
                259.36846923828125,
                20.72393035888672,
                1.0
            ],
            "parent": "C_guides_GRP",
            "isLocator": false,
            "children": []
        },
        "C_noseMain_JNT": {
            "joint_matrix": [
                1.0,
                0.0,
                0.0,
                0.0,
                0.0,
                1.0,
                0.0,
                0.0,
                0.0,
                0.0,
                1.0,
                0.0,
                0.00020623810996767133,
                265.56988525390625,
                11.248538970947266,
                1.0
            ],
            "parent": "C_guides_GRP",
            "isLocator": false,
            "children": []
        },
        "R_tip_JNT": {
            "joint_matrix": [
                0.027815190041820148,
                0.21785578683032025,
                -0.9755845280381805,
                0.0,
                0.006208830183383616,
                -0.9759809712000238,
                -0.21776729387860738,
                0.0,
                -0.9995938003162541,
                8.638922910364499e-16,
                -0.028499725776025768,
                0.0,
                -16.689100000000014,
                2.4071500000000032,
                30.65700000000001,
                1.0
            ],
            "parent": "R_ball_JNT",
            "isLocator": false,
            "children": []
        },
        "R_ball_JNT": {
            "joint_matrix": [
                0.027815190041820148,
                0.21785578683032025,
                -0.9755845280381805,
                0.0,
                0.006208830183383616,
                -0.9759809712000238,
                -0.21776729387860738,
                0.0,
                -0.9995938003162541,
                8.638922910364499e-16,
                -0.028499725776025768,
                0.0,
                -15.978899999999998,
                7.970100000000006,
                5.7454299999999785,
                1.0
            ],
            "parent": "R_ankle_JNT",
            "isLocator": false,
            "children": [
                "R_tip_JNT"
            ]
        },
        "R_ankle_JNT": {
            "joint_matrix": [
                0.020265564054811506,
                0.7031118538484064,
                -0.7107904247324928,
                0.0,
                0.020038495024552072,
                -0.7110792649050153,
                -0.7028262500357352,
                0.0,
                -0.9995938003162541,
                8.638922910364499e-16,
                -0.028499725776025768,
                0.0,
                -15.682200000000002,
                18.261599999999717,
                -4.658500000000026,
                1.0
            ],
            "parent": "R_knee_JNT",
            "isLocator": false,
            "children": [
                "R_ball_JNT",
                "R_tip_JNT"
            ]
        },
        "R_knee_JNT": {
            "joint_matrix": [
                0.028701005201897632,
                0.9957786973132605,
                0.08718393359734694,
                0.0,
                0.002511831003147117,
                0.08714774226862236,
                -0.9961922313100486,
                0.0,
                -0.9995848853426167,
                0.02881070972030586,
                4.440892098500626e-16,
                0.0,
                -13.824500000000063,
                82.71680000000002,
                0.9847730000000086,
                1.0
            ],
            "parent": "R_hip_JNT",
            "isLocator": false,
            "children": [
                "R_ankle_JNT",
                "R_ball_JNT",
                "R_tip_JNT"
            ]
        },
        "R_hip_JNT": {
            "joint_matrix": [
                0.02878198899632456,
                0.9985884225040917,
                0.044640335462505454,
                0.0,
                0.0012861197468268526,
                0.04462180460494447,
                -0.9990031233433632,
                0.0,
                -0.9995848853426167,
                0.02881070972030586,
                4.440892098500626e-16,
                0.0,
                -11.8889,
                149.871,
                3.92098,
                1.0
            ],
            "parent": "C_guides_GRP",
            "isLocator": false,
            "children": [
                "R_knee_JNT",
                "R_ankle_JNT",
                "R_ball_JNT",
                "R_tip_JNT"
            ]
        },
        "C_throat_JNT": {
            "joint_matrix": [
                1.0,
                0.0,
                0.0,
                0.0,
                0.0,
                1.0,
                0.0,
                0.0,
                0.0,
                0.0,
                1.0,
                0.0,
                0.000236053438129602,
                226.9106674194336,
                -5.166164040565491,
                1.0
            ],
            "parent": "C_guides_GRP",
            "isLocator": false,
            "children": []
        },
        "C_neck04_JNT": {
            "joint_matrix": [
                1.0,
                0.0,
                0.0,
                0.0,
                0.0,
                0.9630864735701314,
                0.26919220721679255,
                0.0,
                0.0,
                -0.26919220721679255,
                0.9630864735701314,
                0.0,
                0.0,
                240.35099645097233,
                -5.394489902379479,
                1.0
            ],
            "parent": "C_neck03_JNT",
            "isLocator": false,
            "children": []
        },
        "C_neck03_JNT": {
            "joint_matrix": [
                1.0,
                0.0,
                0.0,
                0.0,
                0.0,
                0.9630864735701314,
                0.26919220721679255,
                0.0,
                0.0,
                -0.26919220721679255,
                0.9630864735701314,
                0.0,
                0.0,
                234.57247760955153,
                -7.009643145680242,
                1.0
            ],
            "parent": "C_neck02_JNT",
            "isLocator": false,
            "children": [
                "C_neck04_JNT"
            ]
        },
        "C_neck02_JNT": {
            "joint_matrix": [
                1.0,
                0.0,
                0.0,
                0.0,
                0.0,
                0.9630864735701314,
                0.26919220721679255,
                0.0,
                0.0,
                -0.26919220721679255,
                0.9630864735701314,
                0.0,
                0.0,
                228.79395876813075,
                -8.62479638898101,
                1.0
            ],
            "parent": "C_neck01_JNT",
            "isLocator": false,
            "children": [
                "C_neck03_JNT",
                "C_neck04_JNT"
            ]
        },
        "C_neck01_JNT": {
            "joint_matrix": [
                1.0,
                0.0,
                0.0,
                0.0,
                0.0,
                0.9630864735701314,
                0.26919220721679255,
                0.0,
                0.0,
                -0.26919220721679255,
                0.9630864735701314,
                0.0,
                0.0,
                223.01543992670992,
                -10.23994963228172,
                1.0
            ],
            "parent": "C_neck00_JNT",
            "isLocator": false,
            "children": [
                "C_neck02_JNT",
                "C_neck03_JNT",
                "C_neck04_JNT"
            ]
        },
        "C_neck00_JNT": {
            "joint_matrix": [
                1.0,
                0.0,
                0.0,
                0.0,
                0.0,
                0.9630864735701314,
                0.26919220721679255,
                0.0,
                0.0,
                -0.26919220721679255,
                0.9630864735701314,
                0.0,
                0.0,
                217.23692108528917,
                -11.855102875582482,
                1.0
            ],
            "parent": "C_guides_GRP",
            "isLocator": false,
            "children": [
                "C_neck01_JNT",
                "C_neck02_JNT",
                "C_neck03_JNT",
                "C_neck04_JNT"
            ]
        },
        "C_spine07_JNT": {
            "joint_matrix": [
                1.0,
                0.0,
                0.0,
                0.0,
                0.0,
                0.9937411832920917,
                -0.11170703034828823,
                0.0,
                0.0,
                0.11170703034828823,
                0.9937411832920917,
                0.0,
                0.0,
                190.67392558485608,
                0.6664251808845612,
                1.0
            ],
            "parent": "C_spine06_JNT",
            "isLocator": false,
            "children": []
        },
        "C_spine06_JNT": {
            "joint_matrix": [
                1.0,
                0.0,
                0.0,
                0.0,
                0.0,
                0.9937411832920917,
                -0.11170703034828823,
                0.0,
                0.0,
                0.11170703034828823,
                0.9937411832920917,
                0.0,
                0.0,
                185.6058455500666,
                1.236131035660822,
                1.0
            ],
            "parent": "C_spine05_JNT",
            "isLocator": false,
            "children": [
                "C_spine07_JNT"
            ]
        },
        "C_spine05_JNT": {
            "joint_matrix": [
                1.0,
                0.0,
                0.0,
                0.0,
                0.0,
                0.9937411832920917,
                -0.11170703034828823,
                0.0,
                0.0,
                0.11170703034828823,
                0.9937411832920917,
                0.0,
                0.0,
                180.53776551527687,
                1.8058368904370976,
                1.0
            ],
            "parent": "C_spine04_JNT",
            "isLocator": false,
            "children": [
                "C_spine06_JNT",
                "C_spine07_JNT"
            ]
        },
        "C_spine04_JNT": {
            "joint_matrix": [
                1.0,
                0.0,
                0.0,
                0.0,
                0.0,
                0.9937411832920917,
                -0.11170703034828823,
                0.0,
                0.0,
                0.11170703034828823,
                0.9937411832920917,
                0.0,
                0.0,
                175.46968548048727,
                2.375542745213357,
                1.0
            ],
            "parent": "C_spine03_JNT",
            "isLocator": false,
            "children": [
                "C_spine05_JNT",
                "C_spine06_JNT",
                "C_spine07_JNT"
            ]
        },
        "C_spine03_JNT": {
            "joint_matrix": [
                1.0,
                0.0,
                0.0,
                0.0,
                0.0,
                0.9937411832920917,
                -0.11170703034828823,
                0.0,
                0.0,
                0.11170703034828823,
                0.9937411832920917,
                0.0,
                0.0,
                170.40160544569756,
                2.9452485999896325,
                1.0
            ],
            "parent": "C_spine02_JNT",
            "isLocator": false,
            "children": [
                "C_spine04_JNT",
                "C_spine05_JNT",
                "C_spine06_JNT",
                "C_spine07_JNT"
            ]
        },
        "C_spine02_JNT": {
            "joint_matrix": [
                1.0,
                0.0,
                0.0,
                0.0,
                0.0,
                0.9937411832920917,
                -0.11170703034828823,
                0.0,
                0.0,
                0.11170703034828823,
                0.9937411832920917,
                0.0,
                0.0,
                165.33352541090795,
                3.514954454765899,
                1.0
            ],
            "parent": "C_spine01_JNT",
            "isLocator": false,
            "children": [
                "C_spine03_JNT",
                "C_spine04_JNT",
                "C_spine05_JNT",
                "C_spine06_JNT",
                "C_spine07_JNT"
            ]
        },
        "C_spine01_JNT": {
            "joint_matrix": [
                1.0,
                0.0,
                0.0,
                0.0,
                0.0,
                0.9937411832920917,
                -0.11170703034828823,
                0.0,
                0.0,
                0.11170703034828823,
                0.9937411832920917,
                0.0,
                0.0,
                160.26544537611824,
                4.084660309542178,
                1.0
            ],
            "parent": "C_spine00_JNT",
            "isLocator": false,
            "children": [
                "C_spine02_JNT",
                "C_spine03_JNT",
                "C_spine04_JNT",
                "C_spine05_JNT",
                "C_spine06_JNT",
                "C_spine07_JNT"
            ]
        },
        "C_spine00_JNT": {
            "joint_matrix": [
                1.0,
                0.0,
                0.0,
                0.0,
                0.0,
                0.9937411832920917,
                -0.11170703034828823,
                0.0,
                0.0,
                0.11170703034828823,
                0.9937411832920917,
                0.0,
                0.0,
                155.1973653413286,
                4.654366164318445,
                1.0
            ],
            "parent": "C_guides_GRP",
            "isLocator": false,
            "children": [
                "C_spine01_JNT",
                "C_spine02_JNT",
                "C_spine03_JNT",
                "C_spine04_JNT",
                "C_spine05_JNT",
                "C_spine06_JNT",
                "C_spine07_JNT"
            ]
        },
        "L_tip_JNT": {
            "joint_matrix": [
                0.027815190041823402,
                -0.2178557868303202,
                0.9755845280381805,
                0.0,
                0.006208830183388735,
                0.9759809712000238,
                0.21776729387860727,
                0.0,
                -0.9995938003162541,
                3.427813588530171e-15,
                0.028499725776029994,
                0.0,
                16.68913747779034,
                2.407147716037369,
                30.657015271208124,
                1.0
            ],
            "parent": "L_ball_JNT",
            "isLocator": false,
            "children": []
        },
        "L_ball_JNT": {
            "joint_matrix": [
                0.027815190041823402,
                -0.2178557868303202,
                0.9755845280381805,
                0.0,
                0.006208830183388735,
                0.9759809712000238,
                0.21776729387860727,
                0.0,
                -0.9995938003162541,
                3.427813588530171e-15,
                0.028499725776029994,
                0.0,
                15.978875709607438,
                7.970102207102128,
                5.74543311576017,
                1.0
            ],
            "parent": "L_ankle_JNT",
            "isLocator": false,
            "children": [
                "L_tip_JNT"
            ]
        },
        "L_ankle_JNT": {
            "joint_matrix": [
                0.020265564054811554,
                -0.703111853848406,
                0.7107904247324932,
                0.0,
                0.020038495024558123,
                0.7110792649050157,
                0.7028262500357346,
                0.0,
                -0.9995938003162541,
                3.427813588530171e-15,
                0.028499725776029994,
                0.0,
                15.682245958412095,
                18.261643745520274,
                -4.658500683970091,
                1.0
            ],
            "parent": "L_knee_JNT",
            "isLocator": false,
            "children": [
                "L_ball_JNT",
                "L_tip_JNT"
            ]
        },
        "L_knee_JNT": {
            "joint_matrix": [
                0.0287010052018974,
                -0.9957786973132604,
                -0.08718393359734747,
                0.0,
                0.002511831003147396,
                -0.08714774226862296,
                0.9961922313100486,
                0.0,
                -0.9995848853426168,
                -0.028810709720305645,
                -2.220446049250313e-16,
                0.0,
                13.824476848381765,
                82.71676966468125,
                0.9847726992693517,
                1.0
            ],
            "parent": "L_hip_JNT",
            "isLocator": false,
            "children": [
                "L_ankle_JNT",
                "L_ball_JNT",
                "L_tip_JNT"
            ]
        },
        "L_hip_JNT": {
            "joint_matrix": [
                0.028781988996324337,
                -0.9985884225040917,
                -0.04464033546250563,
                0.0,
                0.0012861197468271304,
                -0.04462180460494469,
                0.9990031233433632,
                0.0,
                -0.9995848853426168,
                -0.028810709720305645,
                -2.220446049250313e-16,
                0.0,
                11.888904423453141,
                149.87127433420653,
                3.9209805917186635,
                1.0
            ],
            "parent": "C_guides_GRP",
            "isLocator": false,
            "children": [
                "L_knee_JNT",
                "L_ankle_JNT",
                "L_ball_JNT",
                "L_tip_JNT"
            ]
        },
        "L_wrist_JNT": {
            "joint_matrix": [
                0.48697499290455115,
                -0.7637871681284419,
                0.42365613188994145,
                0.0,
                0.8301305140602742,
                0.5555527169919645,
                0.047376241607698544,
                0.0,
                -0.27154868055587594,
                0.32861883762983113,
                0.9045833149263707,
                0.0,
                67.25084315672255,
                140.86060247927668,
                3.3655971532569655,
                1.0
            ],
            "parent": "L_elbow_JNT",
            "isLocator": false,
            "children": []
        },
        "L_elbow_JNT": {
            "joint_matrix": [
                0.48697499290455115,
                -0.7637871681284419,
                0.42365613188994145,
                0.0,
                0.8301305140602742,
                0.5555527169919645,
                0.047376241607698544,
                0.0,
                -0.27154868055587594,
                0.32861883762983113,
                0.9045833149263707,
                0.0,
                46.57993029845963,
                173.2815239325047,
                -14.617582910946245,
                1.0
            ],
            "parent": "L_shoulder_JNT",
            "isLocator": false,
            "children": [
                "L_wrist_JNT"
            ]
        },
        "L_shoulder_JNT": {
            "joint_matrix": [
                0.5575536161990775,
                -0.8277391521492623,
                -0.06310198937079627,
                0.0,
                0.8301305140602742,
                0.5555527169919645,
                0.047376241607698544,
                0.0,
                -0.004158688417831075,
                -0.07879768170489859,
                0.9968819542295753,
                0.0,
                20.66485735619222,
                211.75481131131815,
                -11.684604611038864,
                1.0
            ],
            "parent": "C_guides_GRP",
            "isLocator": false,
            "children": [
                "L_elbow_JNT",
                "L_wrist_JNT"
            ]
        },
        "L_clavicle_JNT": {
            "joint_matrix": [
                1.0,
                0.0,
                0.0,
                0.0,
                0.0,
                1.0,
                0.0,
                0.0,
                0.0,
                0.0,
                1.0,
                0.0,
                3.4478544796370407,
                211.75481131131815,
                -11.684604611038864,
                1.0
            ],
            "parent": "C_guides_GRP",
            "isLocator": false,
            "children": []
        },
        "L_thumb03End_JNT": {
            "joint_matrix": [
                -0.19509539430148806,
                -0.6050654884186428,
                0.7719025468587702,
                0.0,
                -0.062045945783253884,
                0.7930634456958587,
                0.6059708505471804,
                0.0,
                -0.9788197422070155,
                0.07032869845035537,
                -0.19226488613387138,
                0.0,
                63.69340281646803,
                130.0164956273581,
                21.97731991530098,
                1.0
            ],
            "parent": "L_thumb02_JNT",
            "isLocator": false,
            "children": []
        },
        "L_thumb02_JNT": {
            "joint_matrix": [
                -0.19509539430148806,
                -0.6050654884186428,
                0.7719025468587702,
                0.0,
                -0.062045945783253884,
                0.7930634456958587,
                0.6059708505471804,
                0.0,
                -0.9788197422070155,
                0.07032869845035537,
                -0.19226488613387138,
                0.0,
                64.68952941894534,
                133.10586547851574,
                18.036106109619173,
                1.0
            ],
            "parent": "L_thumb01_JNT",
            "isLocator": false,
            "children": [
                "L_thumb03End_JNT"
            ]
        },
        "L_thumb01_JNT": {
            "joint_matrix": [
                -0.20365857931559717,
                -0.43019078903289537,
                0.8794652171077646,
                0.0,
                -0.020858939017701635,
                0.8999943106517585,
                0.4354022800325257,
                0.0,
                -0.9788197422070155,
                0.07032869845035537,
                -0.19226488613387138,
                0.0,
                65.58465516826979,
                134.99665178214028,
                14.170656570915803,
                1.0
            ],
            "parent": "L_thumb00_JNT",
            "isLocator": false,
            "children": [
                "L_thumb02_JNT",
                "L_thumb03End_JNT"
            ]
        },
        "L_thumb00_JNT": {
            "joint_matrix": [
                -0.20365857931559717,
                -0.43019078903289537,
                0.8794652171077646,
                0.0,
                -0.020858939017701635,
                0.8999943106517585,
                0.4354022800325257,
                0.0,
                -0.9788197422070155,
                0.07032869845035537,
                -0.19226488613387138,
                0.0,
                66.41201283542426,
                136.74429064342314,
                10.59785206243402,
                1.0
            ],
            "parent": "C_guides_GRP",
            "isLocator": false,
            "children": [
                "L_thumb01_JNT",
                "L_thumb02_JNT",
                "L_thumb03End_JNT"
            ]
        },
        "L_index04End_JNT": {
            "joint_matrix": [
                0.02356114216621791,
                -0.9252870250034235,
                0.3785350630260517,
                0.0,
                0.9957144709165502,
                0.05559030304677451,
                0.07390812279135688,
                0.0,
                -0.08942910592865043,
                0.3751714802160227,
                0.9226314515803808,
                0.0,
                73.36779748510963,
                114.83999252966423,
                19.867572097865125,
                1.0
            ],
            "parent": "L_index03_JNT",
            "isLocator": false,
            "children": []
        },
        "L_index03_JNT": {
            "joint_matrix": [
                0.02356114216621791,
                -0.9252870250034235,
                0.3785350630260517,
                0.0,
                0.9957144709165502,
                0.05559030304677451,
                0.07390812279135688,
                0.0,
                -0.08942910592865043,
                0.3751714802160227,
                0.9226314515803808,
                0.0,
                73.25946273492018,
                119.09448656055788,
                18.127057941058066,
                1.0
            ],
            "parent": "L_index02_JNT",
            "isLocator": false,
            "children": [
                "L_index04End_JNT"
            ]
        },
        "L_index02_JNT": {
            "joint_matrix": [
                0.051413014250436595,
                -0.9233692605014204,
                0.3804548734432823,
                0.0,
                0.9946653391862443,
                0.08145900314623372,
                0.0632873907499374,
                0.0,
                -0.08942910592865043,
                0.3751714802160227,
                0.9226314515803808,
                0.0,
                73.03533707077021,
                123.11974654157018,
                16.468534268935077,
                1.0
            ],
            "parent": "L_index01_JNT",
            "isLocator": false,
            "children": [
                "L_index03_JNT",
                "L_index04End_JNT"
            ]
        },
        "L_index01_JNT": {
            "joint_matrix": [
                0.249194273868283,
                -0.8884526146143319,
                0.3854272505366172,
                0.0,
                0.9643156375814204,
                0.26438288904064056,
                -0.014037061603589123,
                0.0,
                -0.08942910592865043,
                0.3751714802160227,
                0.9226314515803808,
                0.0,
                71.17449902456507,
                129.75419444384667,
                13.590387509343515,
                1.0
            ],
            "parent": "L_index00_JNT",
            "isLocator": false,
            "children": [
                "L_index02_JNT",
                "L_index03_JNT",
                "L_index04End_JNT"
            ]
        },
        "L_index00_JNT": {
            "joint_matrix": [
                0.2756338987709581,
                -0.875964913654616,
                0.39586793744174575,
                0.0,
                0.9554788787037679,
                0.29477233052399887,
                -0.013014818801677926,
                0.0,
                -0.10529038987158973,
                0.3818307782297167,
                0.9182152201946869,
                0.0,
                69.31930194889424,
                135.65001333059675,
                10.925936427061812,
                1.0
            ],
            "parent": "C_guides_GRP",
            "isLocator": false,
            "children": [
                "L_index01_JNT",
                "L_index02_JNT",
                "L_index03_JNT",
                "L_index04End_JNT"
            ]
        },
        "L_middle04End_JNT": {
            "joint_matrix": [
                0.08126564488716974,
                -0.961197973181176,
                0.2636178129669391,
                0.0,
                0.9911203819404152,
                0.050004829282192395,
                -0.12320675935493429,
                0.0,
                0.10524392364102697,
                0.2712894642275266,
                0.95672657699877,
                0.0,
                73.65357229156537,
                111.95954661612257,
                15.03358851277502,
                1.0
            ],
            "parent": "L_middle03_JNT",
            "isLocator": false,
            "children": []
        },
        "L_middle03_JNT": {
            "joint_matrix": [
                0.08126564488716974,
                -0.961197973181176,
                0.2636178129669391,
                0.0,
                0.9911203819404152,
                0.050004829282192395,
                -0.12320675935493429,
                0.0,
                0.10524392364102697,
                0.2712894642275266,
                0.95672657699877,
                0.0,
                73.25963530950152,
                116.6189747083558,
                13.755695427663701,
                1.0
            ],
            "parent": "L_middle02_JNT",
            "isLocator": false,
