{
    "spiderVerse": {
        "L_wrist_JNT": {
            "joint_matrix": [
                0.38793836971679907,
                -0.8911366667362006,
                0.23532798919755765,
                0.0,
                0.9111565441943126,
                0.4092778931935537,
                0.047805419304966276,
                0.0,
                -0.1389157056396058,
                0.19587508096064657,
                0.9707396043148289,
                0.0,
                36.026715878273784,
                87.76519260814551,
                0.4241455812750061,
                1.0
            ],
            "parent": "L_elbow_JNT",
            "isLocator": false,
            "children": []
        },
        "L_elbow_JNT": {
            "joint_matrix": [
                0.38793836971679907,
                -0.8911366667362006,
                0.23532798919755765,
                0.0,
                0.9111565441943126,
                0.4092778931935537,
                0.047805419304966276,
                0.0,
                -0.1389157056396058,
                0.19587508096064657,
                0.9707396043148289,
                0.0,
                27.52192984876426,
                107.30161196046912,
                -4.734957902975679,
                1.0
            ],
            "parent": "L_shoulder_JNT",
            "isLocator": false,
            "children": [
                "L_wrist_JNT"
            ]
        },
        "L_shoulder_JNT": {
            "joint_matrix": [
                0.40910760831417126,
                -0.9123826518314149,
                0.013742687383980476,
                0.0,
                0.9111565441943126,
                0.4092778931935537,
                0.047805419304966276,
                0.0,
                -0.04924141337671101,
                -0.007035821211580438,
                0.9987621240458323,
                0.0,
                14.720103057435011,
                135.85196017886233,
                -5.1649951351406935,
                1.0
            ],
            "parent": "C_guides_GRP",
            "isLocator": false,
            "children": [
                "L_elbow_JNT",
                "L_wrist_JNT"
            ]
        },
        "L_tip_JNT": {
            "joint_matrix": [
                0.9999481757525484,
                0.010105231881417487,
                0.0012369712095390022,
                0.0,
                -0.01010523188141768,
                0.9999489408212597,
                -6.250102405166716e-06,
                0.0,
                -0.0012369712095391331,
                -6.250102404681268e-06,
                0.999999234931289,
                0.0,
                9.890246623862767,
                2.6130002177701934,
                12.84767015222462,
                1.0
            ],
            "parent": "L_ball_JNT",
            "isLocator": false,
            "children": []
        },
        "L_ball_JNT": {
            "joint_matrix": [
                0.9999481757525484,
                0.010105231881417487,
                0.0012369712095390022,
                0.0,
                -0.01010523188141768,
                0.9999489408212597,
                -6.250102405166716e-06,
                0.0,
                -0.0012369712095391331,
                -6.250102404681268e-06,
                0.999999234931289,
                0.0,
                9.904588047560827,
                2.6130726813538896,
                1.2536955994777355,
                1.0
            ],
            "parent": "L_ankle_JNT",
            "isLocator": false,
            "children": [
                "L_tip_JNT"
            ]
        },
        "L_ankle_JNT": {
            "joint_matrix": [
                0.9999481757525484,
                0.010105231881417487,
                0.0012369712095390022,
                0.0,
                -0.01010523188141768,
                0.9999489408212597,
                -6.250102405166716e-06,
                0.0,
                -0.0012369712095391331,
                -6.250102404681268e-06,
                0.999999234931289,
                0.0,
                9.331504713677665,
                8.41743973693005,
                -7.315860427799265,
                1.0
            ],
            "parent": "L_knee_JNT",
            "isLocator": false,
            "children": [
                "L_ball_JNT",
                "L_tip_JNT"
            ]
        },
        "L_knee_JNT": {
            "joint_matrix": [
                0.010180614272485554,
                -0.9928938890705458,
                -0.11856677502319894,
                0.0,
                -3.003639986627088e-05,
                -0.11857322351606106,
                0.9929453105598641,
                0.0,
                -0.9999481757525484,
                -0.010105231881417707,
                -0.0012369712095390284,
                0.0,
                8.90531064040879,
                49.983250952359285,
                -2.3522643766139826,
                1.0
            ],
            "parent": "L_hip_JNT",
            "isLocator": false,
            "children": [
                "L_ankle_JNT",
                "L_ball_JNT",
                "L_tip_JNT"
            ]
        },
        "L_hip_JNT": {
            "joint_matrix": [
                0.010180658581371516,
                -0.9925397364635973,
                -0.12149578483067827,
                0.0,
                -1.6653345369377343e-16,
                -0.12150208158462017,
                0.9925911767543596,
                0.0,
                -0.9999481757525484,
                -0.010105231881417707,
                -0.0012369712095390284,
                0.0,
                8.46377023314454,
                93.03021063196019,
                2.9170704003312355,
                1.0
            ],
            "parent": "C_guides_GRP",
            "isLocator": false,
            "children": [
                "L_knee_JNT",
                "L_ankle_JNT",
                "L_ball_JNT",
                "L_tip_JNT"
            ]
        },
        "C_spine07_JNT": {
            "joint_matrix": [
                1.0,
                0.0,
                0.0,
                0.0,
                0.0,
                1.0,
                0.0,
                0.0,
                0.0,
                0.0,
                1.0,
                0.0,
                0.0,
                119.92404880265501,
                2.9294980924791334,
                1.0
            ],
            "parent": "C_spine06_JNT",
            "isLocator": false,
            "children": []
        },
        "C_spine06_JNT": {
            "joint_matrix": [
                1.0,
                0.0,
                0.0,
                0.0,
                0.0,
                1.0,
                0.0,
                0.0,
                0.0,
                0.0,
                1.0,
                0.0,
                0.0,
                116.17404880265501,
                2.9294980924791334,
                1.0
            ],
            "parent": "C_spine05_JNT",
            "isLocator": false,
            "children": [
                "C_spine07_JNT"
            ]
        },
        "C_spine05_JNT": {
            "joint_matrix": [
                1.0,
                0.0,
                0.0,
                0.0,
                0.0,
                1.0,
                0.0,
                0.0,
                0.0,
                0.0,
                1.0,
                0.0,
                0.0,
                112.42404880265501,
                2.9294980924791334,
                1.0
            ],
            "parent": "C_spine04_JNT",
            "isLocator": false,
            "children": [
                "C_spine06_JNT",
                "C_spine07_JNT"
            ]
        },
        "C_spine04_JNT": {
            "joint_matrix": [
                1.0,
                0.0,
                0.0,
                0.0,
                0.0,
                1.0,
                0.0,
                0.0,
                0.0,
                0.0,
                1.0,
                0.0,
                0.0,
                108.67404880265501,
                2.9294980924791334,
                1.0
            ],
            "parent": "C_spine03_JNT",
            "isLocator": false,
            "children": [
                "C_spine05_JNT",
                "C_spine06_JNT",
                "C_spine07_JNT"
            ]
        },
        "C_spine03_JNT": {
            "joint_matrix": [
                1.0,
                0.0,
                0.0,
                0.0,
                0.0,
                1.0,
                0.0,
                0.0,
                0.0,
                0.0,
                1.0,
                0.0,
                0.0,
                104.92404880265501,
                2.9294980924791334,
                1.0
            ],
            "parent": "C_spine02_JNT",
            "isLocator": false,
            "children": [
                "C_spine04_JNT",
                "C_spine05_JNT",
                "C_spine06_JNT",
                "C_spine07_JNT"
            ]
        },
        "C_spine02_JNT": {
            "joint_matrix": [
                1.0,
                0.0,
                0.0,
                0.0,
                0.0,
                1.0,
                0.0,
                0.0,
                0.0,
                0.0,
                1.0,
                0.0,
                0.0,
                101.17404880265501,
                2.9294980924791334,
                1.0
            ],
            "parent": "C_spine01_JNT",
            "isLocator": false,
            "children": [
                "C_spine03_JNT",
                "C_spine04_JNT",
                "C_spine05_JNT",
                "C_spine06_JNT",
                "C_spine07_JNT"
            ]
        },
        "C_spine01_JNT": {
            "joint_matrix": [
                1.0,
                0.0,
                0.0,
                0.0,
                0.0,
                1.0,
                0.0,
                0.0,
                0.0,
                0.0,
                1.0,
                0.0,
                0.0,
                97.42404880265501,
                2.9294980924791334,
                1.0
            ],
            "parent": "C_spine00_JNT",
            "isLocator": false,
            "children": [
                "C_spine02_JNT",
                "C_spine03_JNT",
                "C_spine04_JNT",
                "C_spine05_JNT",
                "C_spine06_JNT",
                "C_spine07_JNT"
            ]
        },
        "C_spine00_JNT": {
            "joint_matrix": [
                1.0,
                0.0,
                0.0,
                0.0,
                0.0,
                1.0,
                0.0,
                0.0,
                0.0,
                0.0,
                1.0,
                0.0,
                0.0,
                93.67404880265501,
                2.9294980924791334,
                1.0
            ],
            "parent": "C_guides_GRP",
            "isLocator": false,
            "children": [
                "C_spine01_JNT",
                "C_spine02_JNT",
                "C_spine03_JNT",
                "C_spine04_JNT",
                "C_spine05_JNT",
                "C_spine06_JNT",
                "C_spine07_JNT"
            ]
        },
        "C_neck04_JNT": {
            "joint_matrix": [
                1.0,
                0.0,
                0.0,
                0.0,
                0.0,
                0.9796808003580417,
                0.20056303101475803,
                0.0,
                0.0,
                -0.20056303101475803,
                0.9796808003580417,
                0.0,
                0.0,
                149.60018359192424,
                -2.8970277882501607,
                1.0
            ],
            "parent": "C_neck03_JNT",
            "isLocator": false,
            "children": []
        },
        "C_neck03_JNT": {
            "joint_matrix": [
                1.0,
                0.0,
                0.0,
                0.0,
                0.0,
                0.9796808003580417,
                0.20056303101475803,
                0.0,
                0.0,
                -0.20056303101475803,
                0.9796808003580417,
                0.0,
                0.0,
                147.15098159102908,
                -3.398435365787095,
                1.0
            ],
            "parent": "C_neck02_JNT",
            "isLocator": false,
            "children": [
                "C_neck04_JNT"
            ]
        },
        "C_neck02_JNT": {
            "joint_matrix": [
                1.0,
                0.0,
                0.0,
                0.0,
                0.0,
                0.9796808003580417,
                0.20056303101475803,
                0.0,
                0.0,
                -0.20056303101475803,
                0.9796808003580417,
                0.0,
                0.0,
                144.7017795901339,
                -3.8998429433240003,
                1.0
            ],
            "parent": "C_neck01_JNT",
            "isLocator": false,
            "children": [
                "C_neck03_JNT",
                "C_neck04_JNT"
            ]
        },
        "C_neck01_JNT": {
            "joint_matrix": [
                1.0,
                0.0,
                0.0,
                0.0,
                0.0,
                0.9796808003580417,
                0.20056303101475803,
                0.0,
                0.0,
                -0.20056303101475803,
                0.9796808003580417,
                0.0,
                0.0,
                142.25257758923883,
                -4.4012505208608825,
                1.0
            ],
            "parent": "C_neck00_JNT",
            "isLocator": false,
            "children": [
                "C_neck02_JNT",
                "C_neck03_JNT",
                "C_neck04_JNT"
            ]
        },
        "C_neck00_JNT": {
            "joint_matrix": [
                1.0,
                0.0,
                0.0,
                0.0,
                0.0,
                0.9796808003580417,
                0.20056303101475803,
                0.0,
                0.0,
                -0.20056303101475803,
                0.9796808003580417,
                0.0,
                0.0,
                139.80337558834378,
                -4.902658098397773,
                1.0
            ],
            "parent": "C_guides_GRP",
            "isLocator": false,
            "children": [
                "C_neck01_JNT",
                "C_neck02_JNT",
                "C_neck03_JNT",
                "C_neck04_JNT"
            ]
        },
        "L_thumb03End_JNT": {
            "joint_matrix": [
                -0.17355247816125213,
                -0.9600148542831841,
                0.21966114103255607,
                0.0,
                0.2301483347959022,
                0.17733325493922134,
                0.9568618817171757,
                0.0,
                -0.9575548450688144,
                0.21662039665806543,
                0.19016919423750261,
                0.0,
                34.657426293802985,
                76.55511414055937,
                8.612700560378993,
                1.0
            ],
            "parent": "L_thumb02_JNT",
            "isLocator": false,
            "children": []
        },
        "L_thumb02_JNT": {
            "joint_matrix": [
                -0.17355247816125213,
                -0.9600148542831841,
                0.21966114103255607,
                0.0,
                0.2301483347959022,
                0.17733325493922134,
                0.9568618817171757,
                0.0,
                -0.9575548450688144,
                0.21662039665806543,
                0.19016919423750261,
                0.0,
                35.2091390857068,
                79.71446162320026,
                7.894484936939519,
                1.0
            ],
            "parent": "L_thumb01_JNT",
            "isLocator": false,
            "children": [
                "L_thumb03End_JNT"
            ]
        },
        "L_thumb01_JNT": {
            "joint_matrix": [
                -0.15297829424445503,
                -0.8675610933157083,
                0.4732181218581019,
                0.0,
                0.26780784016322295,
                0.42454108572027527,
                0.8648952695457175,
                0.0,
                -0.9512500208868152,
                0.2590417261761172,
                0.16739409148034756,
                0.0,
                35.9467909338923,
                83.88540006744572,
                5.774853894089023,
                1.0
            ],
            "parent": "L_thumb00_JNT",
            "isLocator": false,
            "children": [
                "L_thumb02_JNT",
                "L_thumb03End_JNT"
            ]
        },
        "L_thumb00_JNT": {
            "joint_matrix": [
                -0.1129868831340104,
                -0.7977027666104599,
                0.592371724833047,
                0.0,
                0.2869797240267941,
                0.544580278968781,
                0.7880830906419637,
                0.0,
                -0.9512500208868152,
                0.2590417261761172,
                0.16739409148034756,
                0.0,
                36.16655983748233,
                85.43699844323156,
                4.622641496628324,
                1.0
            ],
            "parent": "C_guides_GRP",
            "isLocator": false,
            "children": [
                "L_thumb01_JNT",
                "L_thumb02_JNT",
                "L_thumb03End_JNT"
            ]
        },
        "L_index04End_JNT": {
            "joint_matrix": [
                -0.0022205841783331727,
                -0.993465967333047,
                0.1141071459502884,
                0.0,
                0.9807964061812439,
                0.020089762837834698,
                0.19399693567444917,
                0.0,
                -0.19502173885970703,
                0.11234666519364532,
                0.9743432394141212,
                0.0,
                40.40585310346679,
                69.66126127165478,
                6.809937895709316,
                1.0
            ],
            "parent": "L_index03_JNT",
            "isLocator": false,
            "children": []
        },
        "L_index03_JNT": {
            "joint_matrix": [
                -0.0022205841783331727,
                -0.993465967333047,
                0.1141071459502884,
                0.0,
                0.9807964061812439,
                0.020089762837834698,
                0.19399693567444917,
                0.0,
                -0.19502173885970703,
                0.11234666519364532,
                0.9743432394141212,
                0.0,
                40.41061631227553,
                71.79227071194192,
                6.565175203055555,
                1.0
            ],
            "parent": "L_index02_JNT",
            "isLocator": false,
            "children": [
                "L_index04End_JNT"
            ]
        },
        "L_index02_JNT": {
            "joint_matrix": [
                0.009080211127929477,
                -0.9950584519659104,
                0.09887480435924315,
                0.0,
                0.9849707609411792,
                0.025955841996590706,
                0.1707597562577399,
                0.0,
                -0.17248231751929513,
                0.09583825664865989,
                0.9803391651391465,
                0.0,
                40.379212051691866,
                74.86509960356557,
                6.26442803402088,
                1.0
            ],
            "parent": "L_index01_JNT",
            "isLocator": false,
            "children": [
                "L_index03_JNT",
                "L_index04End_JNT"
            ]
        },
        "L_index01_JNT": {
            "joint_matrix": [
                0.197428405604894,
                -0.9716956229828642,
                0.1297291059718412,
                0.0,
                0.9650242871573144,
                0.21592277517318392,
                0.14867911876934212,
                0.0,
                -0.17248231751929513,
                0.09583825664865989,
                0.9803391651391465,
                0.0,
                39.337212477133654,
                80.11028545845417,
                5.568784917886498,
                1.0
            ],
            "parent": "L_index00_JNT",
            "isLocator": false,
            "children": [
                "L_index02_JNT",
                "L_index03_JNT",
                "L_index04End_JNT"
            ]
        },
        "L_index00_JNT": {
            "joint_matrix": [
                0.27355042805451313,
                -0.914037036918776,
                0.299510364515048,
                0.0,
                0.9369484198038662,
                0.3236245825228843,
                0.13188930287906986,
                0.0,
                -0.21748062428232728,
                0.2445473874888733,
                0.9449332004613533,
                0.0,
                37.84208127492747,
                85.10609299172684,
                3.9317657606177066,
                1.0
            ],
            "parent": "C_guides_GRP",
            "isLocator": false,
            "children": [
                "L_index01_JNT",
                "L_index02_JNT",
                "L_index03_JNT",
                "L_index04End_JNT"
            ]
        },
        "L_clavicle_JNT": {
            "joint_matrix": [
                1.0,
                0.0,
                0.0,
                0.0,
                0.0,
                1.0,
                0.0,
                0.0,
                0.0,
                0.0,
                1.0,
                0.0,
                3.804338985238024,
                135.85196017886233,
                -5.1649951351406935,
                1.0
            ],
            "parent": "C_guides_GRP",
            "isLocator": false,
            "children": []
        },
        "R_clavicle_JNT": {
            "joint_matrix": [
                1.0,
                0.0,
                0.0,
                0.0,
                0.0,
                -1.0,
                -1.2246467991473532e-16,
                0.0,
                0.0,
                1.2246467991473532e-16,
                -1.0,
                0.0,
                -3.80434,
                135.852,
                -5.165,
                1.0
            ],
            "parent": "C_guides_GRP",
            "isLocator": false,
            "children": []
        },
        "L_middle04End_JNT": {
            "joint_matrix": [
                -0.06651047037895753,
                -0.9921544813092803,
                0.10585765228778993,
                0.0,
                0.9764212469433161,
                -0.04288216472388873,
                0.21157189904676077,
                0.0,
                -0.2053726024756693,
                0.11743340736990512,
                0.9716128287470603,
                0.0,
                40.260535460332456,
                68.63449371426175,
                4.371715014364483,
                1.0
            ],
            "parent": "L_middle03_JNT",
            "isLocator": false,
            "children": []
        },
        "L_middle03_JNT": {
            "joint_matrix": [
                -0.06651047037895753,
                -0.9921544813092803,
                0.10585765228778993,
                0.0,
                -0.5278335370097454,
                0.12501793958433652,
                0.8400965849173944,
                0.0,
                -0.8467396970366698,
                -3.333818774369557e-17,
                -0.5320074110971091,
                0.0,
                40.40320208900015,
                70.76268998410376,
                4.144647692715328,
                1.0
            ],
            "parent": "L_middle02_JNT",
            "isLocator": false,
            "children": [
                "L_middle04End_JNT"
            ]
        },
        "L_middle02_JNT": {
            "joint_matrix": [
                -0.05433147001622626,
                -0.9944708422684199,
                0.08986565107879342,
                0.0,
                -0.5145175279712068,
                0.10501306527256277,
                0.8510252461193256,
                0.0,
                -0.8557568607824738,
                5.991204579998649e-17,
                -0.5173781936105596,
                0.0,
                40.57623055105157,
                73.92976351149574,
                3.858454158972007,
                1.0
            ],
            "parent": "L_middle01_JNT",
            "isLocator": false,
            "children": [
                "L_middle03_JNT",
                "L_middle04End_JNT"
            ]
        },
        "L_middle01_JNT": {
            "joint_matrix": [
                0.12054184620836092,
                -0.9844729957362655,
                0.12760322871598162,
                0.0,
                0.6760443908317024,
                0.17553609505188159,
                0.7156473020692029,
                0.0,
                -0.7269344158434599,
                -8.753892948930632e-17,
                0.6867068916665449,
                0.0,
                39.94290456630524,
                79.10217748301503,
                3.1880277218020376,
                1.0
            ],
            "parent": "L_middle00_JNT",
            "isLocator": false,
            "children": [
                "L_middle02_JNT",
                "L_middle03_JNT",
                "L_middle04End_JNT"
            ]
        },
        "L_middle00_JNT": {
            "joint_matrix": [
                0.27305686364109294,
                -0.9520803280988577,
                0.13777880122014896,
                0.0,
                0.8500039209106275,
                0.3058480813200758,
                0.4288942592171036,
                0.0,
                -0.45048116903489915,
                3.053113317719182e-16,
                0.8927859297418115,
                0.0,
                38.40133689105729,
                84.4772346724428,
                2.4101848085597357,
                1.0
            ],
            "parent": "C_guides_GRP",
            "isLocator": false,
            "children": [
                "L_middle01_JNT",
                "L_middle02_JNT",
                "L_middle03_JNT",
                "L_middle04End_JNT"
            ]
        },
        "L_ring04End_JNT": {
            "joint_matrix": [
                -0.12271507752149771,
                -0.9888679217159699,
                0.08415012269766078,
                0.0,
                0.9710938941374423,
                -0.1021508351054147,
                0.2157356151780354,
                0.0,
                -0.20473802411343067,
                0.10819168308333568,
                0.9728190485356072,
                0.0,
                39.62370324234279,
                68.85736194323187,
                1.7192551538121204,
                1.0
            ],
            "parent": "L_ring03_JNT",
            "isLocator": false,
            "children": []
        },
        "L_ring03_JNT": {
            "joint_matrix": [
                -0.12271507752149771,
                -0.9888679217159699,
                0.08415012269766078,
                0.0,
                -0.8155397195363093,
                0.14879594551310382,
                0.5592447875997592,
                0.0,
                -0.5655404279161053,
                1.5053465411303278e-15,
                -0.8247205735232204,
                0.0,
                39.88693016431365,
                70.97850846023921,
                1.5387510280880872,
                1.0
            ],
            "parent": "L_ring02_JNT",
            "isLocator": false,
            "children": [
                "L_ring04End_JNT"
            ]
        },
        "L_ring02_JNT": {
            "joint_matrix": [
                -0.11058204725508428,
                -0.9915258950137297,
                0.06817631804444094,
                0.0,
                -0.8440123235309136,
                0.12990919720028468,
                0.5203525710618969,
                0.0,
                -0.5247997794900676,
                -2.644552458124982e-17,
                -0.8512256994752785,
                0.0,
                40.239098834907864,
                74.13620326671393,
                1.3216311258282336,
                1.0
            ],
            "parent": "L_ring01_JNT",
            "isLocator": false,
            "children": [
                "L_ring03_JNT",
                "L_ring04End_JNT"
            ]
        },
        "L_ring01_JNT": {
            "joint_matrix": [
                0.10607161135035796,
                -0.98761544170179,
                0.11560515809304026,
                0.0,
                0.6676988004596679,
                0.15689403848514535,
                0.7277105005100191,
                0.0,
                -0.736835887515164,
                -6.938893903907228e-18,
                0.6760716492131145,
                0.0,
                39.78510683253566,
                78.36324862073354,
                0.8268350485455203,
                1.0
            ],
            "parent": "L_ring00_JNT",
            "isLocator": false,
            "children": [
                "L_ring02_JNT",
                "L_ring03_JNT",
                "L_ring04End_JNT"
            ]
        },
        "L_ring00_JNT": {
            "joint_matrix": [
                0.2283411918174887,
                -0.9614085418534805,
                0.15347285027174484,
                0.0,
                0.7979259963646091,
                0.27512472744405336,
                0.5363026092369693,
                0.0,
                -0.5578300856398073,
                0.0,
                0.8299551768349211,
                0.0,
                38.500161265989725,
                83.77338786745095,
                -0.036803513433566734,
                1.0
            ],
            "parent": "C_guides_GRP",
            "isLocator": false,
            "children": [
                "L_ring01_JNT",
                "L_ring02_JNT",
                "L_ring03_JNT",
                "L_ring04End_JNT"
            ]
        },
        "L_pinky04End_JNT": {
            "joint_matrix": [
                -0.16362496132329477,
                -0.9854349808113039,
                0.04631166835016039,
                0.0,
                0.9686891462133271,
                -0.15160427163856358,
                0.19661506257007963,
                0.0,
                -0.18673031366236673,
                0.07703274248243813,
                0.9793864132941547,
                0.0,
                38.78323802835096,
                69.43563925762965,
                -0.899772258301268,
                1.0
            ],
            "parent": "L_pinky03_JNT",
            "isLocator": false,
            "children": []
        },
        "L_pinky03_JNT": {
            "joint_matrix": [
                -0.16362496132329477,
                -0.9854349808113039,
                0.04631166835016039,
                0.0,
                -0.9481873705549608,
                0.17005263477354593,
                0.26837066107651264,
                0.0,
                -0.2723372584719538,
                -5.46774126595222e-16,
                -0.9622018590960946,
                0.0,
                39.13421767809438,
                71.5494220302146,
                -0.9991119495385768,
                1.0
            ],
            "parent": "L_pinky02_JNT",
            "isLocator": false,
            "children": [
                "L_pinky04End_JNT"
            ]
        },
        "L_pinky02_JNT": {
            "joint_matrix": [
                -0.1518339997117295,
                -0.987948777367768,
                0.03006076893678579,
                0.0,
                -0.9691373045631563,
                0.1547811787574069,
                0.19187410353283146,
                0.0,
                -0.1942146272441873,
                -1.5348727605264535e-16,
                -0.9809590605954979,
                0.0,
                39.57286083934728,
                74.4035717969553,
                -1.0859564688238459,
                1.0
            ],
            "parent": "L_pinky01_JNT",
            "isLocator": false,
            "children": [
                "L_pinky03_JNT",
                "L_pinky04End_JNT"
            ]
        },
        "L_pinky01_JNT": {
            "joint_matrix": [
                0.06219949212200388,
                -0.9953404643820533,
                0.07367891926109814,
                0.0,
                0.6420645259649046,
                0.09642281868789476,
                0.7605628077507759,
                0.0,
                -0.7641232673314083,
                3.03672505370453e-17,
                0.64507025378851,
                0.0,
                39.29954406511882,
                78.77729312011884,
                -1.4097160985903054,
                1.0
            ],
            "parent": "L_pinky00_JNT",
            "isLocator": false,
            "children": [
                "L_pinky02_JNT",
                "L_pinky03_JNT",
                "L_pinky04End_JNT"
            ]
        },
        "L_pinky00_JNT": {
            "joint_matrix": [
                0.2426529994471186,
                -0.9700859872175419,
                0.007259425837070649,
                0.0,
                0.9696521547552769,
                0.24276156492362466,
                0.029008987818974038,
                0.0,
                -0.02990352216320534,
                2.706168622523819e-15,
                0.9995527896825833,
                0.0,
                38.12515741801599,
                83.47229393414393,
                -1.4448501080116356,
                1.0
            ],
            "parent": "C_guides_GRP",
            "isLocator": false,
            "children": [
                "L_pinky01_JNT",
                "L_pinky02_JNT",
                "L_pinky03_JNT",
                "L_pinky04End_JNT"
            ]
        },
        "R_thumb03End_JNT": {
            "joint_matrix": [
                -0.17355247816125263,
                0.9600148542831841,
                -0.21966114103255632,
                0.0,
                0.23014830625859106,
                -0.1773332613950013,
                -0.9568618873846494,
                0.0,
                -0.9575548519277576,
                -0.2166203913731317,
                -0.19016916572084344,
                0.0,
                -34.6574,
                76.55510000000002,
                8.612699999999998,
                1.0
            ],
            "parent": "R_thumb02_JNT",
            "isLocator": false,
            "children": []
        },
        "R_thumb02_JNT": {
            "joint_matrix": [
                -0.17355247816125263,
                0.9600148542831841,
                -0.21966114103255632,
                0.0,
                0.23014833479594993,
                -0.17733325493921037,
                -0.9568618817171661,
                0.0,
                -0.9575548450688031,
                -0.2166203966580747,
                -0.19016919423755035,
                0.0,
                -35.209099999999985,
                79.71449999999997,
                7.894480000000024,
                1.0
            ],
            "parent": "R_thumb01_JNT",
            "isLocator": false,
            "children": [
                "R_thumb03End_JNT"
            ]
        },
        "R_thumb01_JNT": {
            "joint_matrix": [
                -0.1529782942444553,
                0.8675610933157085,
                -0.47321812185810186,
                0.0,
                0.2678078156118703,
                -0.42454109240602994,
                -0.8648952738660867,
                0.0,
                -0.9512500277988198,
                -0.2590417152188951,
                -0.16739406915777386,
                0.0,
                -35.9468,
                83.88540000000002,
                5.774849999999988,
                1.0
            ],
            "parent": "R_thumb00_JNT",
            "isLocator": false,
            "children": [
                "R_thumb02_JNT",
                "R_thumb03End_JNT"
            ]
        },
        "R_thumb00_JNT": {
            "joint_matrix": [
                -0.11298688313401062,
                0.7977027666104601,
                -0.5923717248330472,
                0.0,
                0.2869797240267944,
                -0.5445802789687808,
                -0.7880830906419638,
                0.0,
                -0.9512500208868153,
                -0.2590417261761175,
                -0.16739409148034778,
                0.0,
                -36.1666,
                85.437,
                4.62264,
                1.0
            ],
            "parent": "C_guides_GRP",
            "isLocator": false,
            "children": [
                "R_thumb01_JNT",
                "R_thumb02_JNT",
                "R_thumb03End_JNT"
            ]
        },
        "R_index04End_JNT": {
            "joint_matrix": [
                -0.002220584178329422,
                0.9934659673330472,
                -0.11410714595028659,
                0.0,
                0.9807964061812429,
                -0.020089762837838806,
                -0.19399693567445406,
                0.0,
                -0.19502173885971233,
                -0.11234666519364273,
                -0.9743432394141207,
                0.0,
                -40.40590000000002,
                69.66129999999991,
                6.809940000000007,
                1.0
            ],
            "parent": "R_index03_JNT",
            "isLocator": false,
            "children": []
        },
        "R_index03_JNT": {
            "joint_matrix": [
                -0.002220584178329422,
                0.9934659673330472,
                -0.11410714595028659,
                0.0,
                0.9807964061812429,
                -0.020089762837838806,
                -0.19399693567445406,
                0.0,
                -0.19502173885971233,
                -0.11234666519364273,
                -0.9743432394141207,
                0.0,
                -40.410600000000024,
                71.7923,
                6.565180000000002,
                1.0
            ],
            "parent": "R_index02_JNT",
            "isLocator": false,
            "children": [
                "R_index04End_JNT"
            ]
        },
        "R_index02_JNT": {
            "joint_matrix": [
                0.00908021112792795,
                0.9950584519659094,
                -0.09887480435925268,
                0.0,
                0.9849707609411883,
                -0.025955841996586015,
                -0.17075975625768838,
                0.0,
                -0.1724823175192435,
                -0.0958382566486709,
                -0.9803391651391549,
                0.0,
                -40.37920000000001,
                74.86509999999988,
                6.264430000000009,
                1.0
            ],
            "parent": "R_index01_JNT",
            "isLocator": false,
            "children": [
                "R_index03_JNT",
                "R_index04End_JNT"
            ]
        },
        "R_index01_JNT": {
