{
    "spiderVerse": {
        "R_tip_JNT": {
            "joint_matrix": [
                1.0,
                3.315004557829894e-16,
                2.4837311579645957e-16,
                0.0,
                5.954881334617854e-16,
                -1.0000000000000002,
                9.298117831235686e-16,
                0.0,
                3.592232444753042e-16,
                -8.743006318923108e-16,
                -1.0000000000000002,
                0.0,
                -8.98877,
                2.602690000000001,
                12.850200000000001,
                1.0
            ],
            "parent": "R_ball_JNT",
            "isLocator": false,
            "children": []
        },
        "R_ball_JNT": {
            "joint_matrix": [
                1.0,
                3.315004557829894e-16,
                2.4837311579645957e-16,
                0.0,
                5.954881334617854e-16,
                -1.0000000000000002,
                9.298117831235686e-16,
                0.0,
                3.592232444753042e-16,
                -8.743006318923108e-16,
                -1.0000000000000002,
                0.0,
                -8.98877,
                2.6026899999999973,
                -2.297980000000001,
                1.0
            ],
            "parent": "R_ankle_JNT",
            "isLocator": false,
            "children": [
                "R_tip_JNT"
            ]
        },
        "R_ankle_JNT": {
            "joint_matrix": [
                1.0,
                3.315004557829894e-16,
                2.4837311579645957e-16,
                0.0,
                5.954881334617854e-16,
                -1.0000000000000002,
                9.298117831235686e-16,
                0.0,
                3.592232444753042e-16,
                -8.743006318923108e-16,
                -1.0000000000000002,
                0.0,
                -8.46377,
                8.412600000000005,
                -7.312679999999996,
                1.0
            ],
            "parent": "R_knee_JNT",
            "isLocator": false,
            "children": [
                "R_ball_JNT",
                "R_tip_JNT"
            ]
        },
        "R_knee_JNT": {
            "joint_matrix": [
                -2.2171608503674413e-16,
                0.9929453291374206,
                0.11857307174978433,
                0.0,
                1.1167692624875915e-16,
                0.11857307174978428,
                -0.9929453291374206,
                0.0,
                -1.0,
                -1.1102230246251565e-16,
                -2.220446049250313e-16,
                0.0,
                -8.46377,
                51.240399999999994,
                -2.1983800000000002,
                1.0
            ],
            "parent": "R_hip_JNT",
            "isLocator": false,
            "children": [
                "R_ankle_JNT",
                "R_ball_JNT",
                "R_tip_JNT"
            ]
        },
        "R_hip_JNT": {
            "joint_matrix": [
                -2.220446049250313e-16,
                0.9925911767543596,
                0.12150208158462011,
                0.0,
                1.1102230246251565e-16,
                0.12150208158462006,
                -0.9925911767543596,
                0.0,
                -1.0,
                -1.1102230246251565e-16,
                -2.220446049250313e-16,
                0.0,
                -8.46377,
                93.0302,
                2.91707,
                1.0
            ],
            "parent": "C_guides_GRP",
            "isLocator": false,
            "children": [
                "R_knee_JNT",
                "R_ankle_JNT",
                "R_ball_JNT",
                "R_tip_JNT"
            ]
        },
        "R_pinky04End_JNT": {
            "joint_matrix": [
                -0.16362496132332596,
                0.9854349808112989,
                -0.046311668350157986,
                0.0,
                0.9686891462133218,
                0.1516042716385943,
                -0.19661506257008113,
                0.0,
                -0.1867303136623665,
                -0.07703274248244202,
                -0.9793864132941542,
                0.0,
                -38.7832,
                69.4356,
                -0.8997720000000015,
                1.0
            ],
            "parent": "R_pinky03_JNT",
            "isLocator": false,
            "children": []
        },
        "R_pinky03_JNT": {
            "joint_matrix": [
                -0.16362496132332596,
                0.9854349808112989,
                -0.046311668350157986,
                0.0,
                0.023650720429601608,
                -0.04301247161643907,
                -0.9987945588100716,
                0.0,
                -0.9862390762158539,
                -0.1645230253760243,
                -0.016268333228057458,
                0.0,
                -39.13420000000001,
                71.54940000000003,
                -0.9991119999999997,
                1.0
            ],
            "parent": "R_pinky02_JNT",
            "isLocator": false,
            "children": [
                "R_pinky04End_JNT"
            ]
        },
        "R_pinky02_JNT": {
            "joint_matrix": [
                -0.15183399971172398,
                0.987948777367769,
                -0.030060768936783604,
                0.0,
                0.019922148023463586,
                -0.02734827768608891,
                -0.999427425942342,
                0.0,
                -0.9882052137838939,
                -0.15234593859087625,
                -0.01552966339601489,
                0.0,
                -39.57290000000003,
                74.40359999999995,
                -1.085959999999997,
                1.0
            ],
            "parent": "R_pinky01_JNT",
            "isLocator": false,
            "children": [
                "R_pinky03_JNT",
                "R_pinky04End_JNT"
            ]
        },
        "R_pinky01_JNT": {
            "joint_matrix": [
                0.06219949212200915,
                0.9953404643820529,
                -0.07367891926109806,
                0.0,
                -0.002231829540120557,
                -0.07368296475507095,
                -0.9972792184949041,
                0.0,
                -0.998061241666396,
                0.06219469968270841,
                -0.002361612734924204,
                0.0,
                -39.29950000000002,
                78.77729999999994,
                -1.409720000000001,
                1.0
            ],
            "parent": "R_pinky00_JNT",
            "isLocator": false,
            "children": [
                "R_pinky02_JNT",
                "R_pinky03_JNT",
                "R_pinky04End_JNT"
            ]
        },
        "R_pinky00_JNT": {
            "joint_matrix": [
                0.24265299944712182,
                0.970085987217541,
                -0.007259425837070456,
                0.0,
                -0.014065090991692179,
                -0.003964302373025808,
                -0.9998932230603879,
                0.0,
                -0.9700111829637381,
                0.24272919418739908,
                0.012682397818450153,
                0.0,
                -38.1252,
                83.4723,
                -1.44485,
                1.0
            ],
            "parent": "C_guides_GRP",
            "isLocator": false,
            "children": [
                "R_pinky01_JNT",
                "R_pinky02_JNT",
                "R_pinky03_JNT",
                "R_pinky04End_JNT"
            ]
        },
        "R_ring04End_JNT": {
            "joint_matrix": [
                -0.12271507752152644,
                0.9888679217159669,
                -0.08415012269765133,
                0.0,
                0.9710938941374382,
                0.10215083510544455,
                -0.21573561517803685,
                0.0,
                -0.20473802411343026,
                -0.10819168308333244,
                -0.9728190485356072,
                0.0,
                -39.6237,
                68.85739999999996,
                1.7192600000000027,
                1.0
            ],
            "parent": "R_ring03_JNT",
            "isLocator": false,
            "children": []
        },
        "R_ring03_JNT": {
            "joint_matrix": [
                -0.12271507752152644,
                0.9888679217159669,
                -0.08415012269765133,
                0.0,
                0.006566986542351212,
                -0.08398004024816906,
                -0.9964457975864359,
                0.0,
                -0.9924202156529452,
                -0.1228315360201112,
                0.003811734815243388,
                0.0,
                -39.886900000000004,
                70.97850000000001,
                1.5387499999999967,
                1.0
            ],
            "parent": "R_ring02_JNT",
            "isLocator": false,
            "children": [
                "R_ring04End_JNT"
            ]
        },
        "R_ring02_JNT": {
            "joint_matrix": [
                -0.11058204725508343,
                0.99152589501373,
                -0.06817631804443458,
                0.0,
                0.0034914128582765845,
                -0.06820904540623833,
                -0.9976649418321879,
                0.0,
                -0.9938608659471041,
                -0.11056186341587716,
                0.0040808696231716245,
                0.0,
                -40.23910000000001,
                74.13620000000004,
                1.3216299999999976,
                1.0
            ],
            "parent": "R_ring01_JNT",
            "isLocator": false,
            "children": [
                "R_ring03_JNT",
                "R_ring04End_JNT"
            ]
        },
        "R_ring01_JNT": {
            "joint_matrix": [
                0.10288194491276195,
                0.9880284680344035,
                -0.11495673866527772,
                0.0,
                -0.020556673732332317,
                -0.11343337374684077,
                -0.9933329214747048,
                0.0,
                -0.9944811353545274,
                0.10455915107726871,
                0.008640332746548143,
                0.0,
                -39.78509999999996,
                78.36319999999999,
                0.826834999999999,
                1.0
            ],
            "parent": "R_ring00_JNT",
            "isLocator": false,
            "children": [
                "R_ring02_JNT",
                "R_ring03_JNT",
                "R_ring04End_JNT"
            ]
        },
        "R_ring00_JNT": {
            "joint_matrix": [
                0.2283411918174909,
                0.9614085418534801,
                -0.15347285027174284,
                0.0,
                -0.04407397676536817,
                -0.14726808244039513,
                -0.9881141616566452,
                0.0,
                -0.9725830477092707,
                0.23239132416141095,
                0.008745728274560438,
                0.0,
                -38.5002,
                83.7734,
                -0.0368035,
                1.0
            ],
            "parent": "C_guides_GRP",
            "isLocator": false,
            "children": [
                "R_ring01_JNT",
                "R_ring02_JNT",
                "R_ring03_JNT",
                "R_ring04End_JNT"
            ]
        },
        "R_middle04End_JNT": {
            "joint_matrix": [
                -0.06651047037895862,
                0.9921544813092807,
                -0.10585765228778699,
                0.0,
                0.9764212469433163,
                0.04288216472389021,
                -0.21157189904676094,
                0.0,
                -0.20537260247566927,
                -0.11743340736990263,
                -0.9716128287470609,
                0.0,
                -40.26049999999998,
                68.63450000000002,
                4.371719999999997,
                1.0
            ],
            "parent": "R_middle03_JNT",
            "isLocator": false,
            "children": []
        },
        "R_middle03_JNT": {
            "joint_matrix": [
                -0.06651047037895862,
                0.9921544813092807,
                -0.10585765228778699,
                0.0,
                0.007080425075163325,
                -0.10562059519164352,
                -0.9943812937963578,
                0.0,
                -0.9977606050104028,
                -0.06688628476208949,
                4.007763760597264e-15,
                0.0,
                -40.40319999999998,
                70.76269999999998,
                4.144650000000002,
                1.0
            ],
            "parent": "R_middle02_JNT",
            "isLocator": false,
            "children": [
                "R_middle04End_JNT"
            ]
        },
        "R_middle02_JNT": {
            "joint_matrix": [
                -0.05433147001621036,
                0.9944708422684206,
                -0.08986565107879545,
                0.0,
                0.004902368415117481,
                -0.08973183397066105,
                -0.9959538969029562,
                0.0,
                -0.9985109203958664,
                -0.05455219381656343,
                -1.5329718673436655e-14,
                0.0,
                -40.576200000000014,
                73.92980000000001,
                3.858450000000008,
                1.0
            ],
            "parent": "R_middle01_JNT",
            "isLocator": false,
            "children": [
                "R_middle03_JNT",
                "R_middle04End_JNT"
            ]
        },
        "R_middle01_JNT": {
            "joint_matrix": [
                0.12054184620836061,
                0.9844729957362652,
                -0.12760322871598295,
                0.0,
                -0.015508304584869882,
                -0.12665731904491886,
                -0.9918252951106141,
                0.0,
                -0.9925871023751937,
                0.12153536192572587,
                -1.8443579996585413e-14,
                0.0,
                -39.94290000000002,
                79.10219999999998,
                3.1880300000000106,
                1.0
            ],
            "parent": "R_middle00_JNT",
            "isLocator": false,
            "children": [
                "R_middle02_JNT",
                "R_middle03_JNT",
                "R_middle04End_JNT"
            ]
        },
        "R_middle00_JNT": {
            "joint_matrix": [
                0.2839536741613141,
                0.9487982742800884,
                -0.13839127737475487,
                0.0,
                -0.03967851292789876,
                -0.13258114973572566,
                -0.9903776321921773,
                0.0,
                -0.9580166629772788,
                0.286712527556574,
                0.0,
                0.0,
                -38.4013,
                84.4772,
                2.41018,
                1.0
            ],
            "parent": "C_guides_GRP",
            "isLocator": false,
            "children": [
                "R_middle01_JNT",
                "R_middle02_JNT",
                "R_middle03_JNT",
                "R_middle04End_JNT"
            ]
        },
        "R_index04End_JNT": {
            "joint_matrix": [
                -0.002220584178329411,
                0.9934659673330472,
                -0.11410714595028658,
                0.0,
                0.980796406181243,
                -0.020089762837838785,
                -0.19399693567445409,
                0.0,
                -0.1950217388597124,
                -0.11234666519364278,
                -0.9743432394141207,
                0.0,
                -40.40590000000002,
                69.66129999999994,
                6.809940000000005,
                1.0
            ],
            "parent": "R_index03_JNT",
            "isLocator": false,
            "children": []
        },
        "R_index03_JNT": {
            "joint_matrix": [
                -0.002220584178329411,
                0.9934659673330472,
                -0.11410714595028658,
                0.0,
                0.980796406181243,
                -0.020089762837838785,
                -0.19399693567445409,
                0.0,
                -0.1950217388597124,
                -0.11234666519364278,
                -0.9743432394141207,
                0.0,
                -40.41060000000001,
                71.79230000000001,
                6.565179999999998,
                1.0
            ],
            "parent": "R_index02_JNT",
            "isLocator": false,
            "children": [
                "R_index04End_JNT"
            ]
        },
        "R_index02_JNT": {
            "joint_matrix": [
                0.009080211127927923,
                0.9950584519659094,
                -0.0988748043592528,
                0.0,
                0.9849707609411884,
                -0.02595584199658596,
                -0.17075975625768824,
                0.0,
                -0.1724823175192434,
                -0.0958382566486711,
                -0.9803391651391549,
                0.0,
                -40.37920000000001,
                74.86509999999991,
                6.264430000000008,
                1.0
            ],
            "parent": "R_index01_JNT",
            "isLocator": false,
            "children": [
                "R_index03_JNT",
                "R_index04End_JNT"
            ]
        },
        "R_index01_JNT": {
            "joint_matrix": [
                0.1974284056048931,
                0.9716956229828644,
                -0.12972910597184065,
                0.0,
                0.9650242871573239,
                -0.21592277517317798,
                -0.14867911876928971,
                0.0,
                -0.1724823175192434,
                -0.0958382566486711,
                -0.9803391651391549,
                0.0,
                -39.33719999999998,
                80.11029999999998,
                5.568780000000002,
                1.0
            ],
            "parent": "R_index00_JNT",
            "isLocator": false,
            "children": [
                "R_index02_JNT",
                "R_index03_JNT",
                "R_index04End_JNT"
            ]
        },
        "R_index00_JNT": {
            "joint_matrix": [
                0.2735504280545128,
                0.9140370369187762,
                -0.29951036451504764,
                0.0,
                0.936948419803866,
                -0.3236245825228845,
                -0.13188930287907186,
                0.0,
                -0.21748062428232906,
                -0.24454738748887236,
                -0.9449332004613535,
                0.0,
                -37.8421,
                85.1061,
                3.93177,
                1.0
            ],
            "parent": "C_guides_GRP",
            "isLocator": false,
            "children": [
                "R_index01_JNT",
                "R_index02_JNT",
                "R_index03_JNT",
                "R_index04End_JNT"
            ]
        },
        "R_thumb03End_JNT": {
            "joint_matrix": [
                -0.17355247816125263,
                0.9600148542831842,
                -0.21966114103255643,
                0.0,
                0.23014830625859115,
                -0.1773332613950013,
                -0.9568618873846496,
                0.0,
                -0.9575548519277576,
                -0.2166203913731317,
                -0.19016916572084347,
                0.0,
                -34.657399999999996,
                76.55510000000002,
                8.6127,
                1.0
            ],
            "parent": "R_thumb02_JNT",
            "isLocator": false,
            "children": []
        },
        "R_thumb02_JNT": {
            "joint_matrix": [
                -0.17355247816125263,
                0.9600148542831842,
                -0.21966114103255643,
                0.0,
                0.23014833479594987,
                -0.1773332549392104,
                -0.9568618817171664,
                0.0,
                -0.9575548450688031,
                -0.21662039665807467,
                -0.19016919423755027,
                0.0,
                -35.209099999999985,
                79.71449999999999,
                7.8944800000000175,
                1.0
            ],
            "parent": "R_thumb01_JNT",
            "isLocator": false,
            "children": [
                "R_thumb03End_JNT"
            ]
        },
        "R_thumb01_JNT": {
            "joint_matrix": [
                -0.1529782942444553,
                0.8675610933157085,
                -0.4732181218581021,
                0.0,
                0.2678078156118702,
                -0.4245410924060301,
                -0.8648952738660867,
                0.0,
                -0.9512500277988198,
                -0.259041715218895,
                -0.16739406915777374,
                0.0,
                -35.9468,
                83.88540000000002,
                5.774849999999988,
                1.0
            ],
            "parent": "R_thumb00_JNT",
            "isLocator": false,
            "children": [
                "R_thumb02_JNT",
                "R_thumb03End_JNT"
            ]
        },
        "R_thumb00_JNT": {
            "joint_matrix": [
                -0.11298688313401062,
                0.7977027666104601,
                -0.5923717248330472,
                0.0,
                0.2869797240267944,
                -0.5445802789687808,
                -0.7880830906419638,
                0.0,
                -0.9512500208868153,
                -0.2590417261761175,
                -0.16739409148034778,
                0.0,
                -36.1666,
                85.437,
                4.62264,
                1.0
            ],
            "parent": "C_guides_GRP",
            "isLocator": false,
            "children": [
                "R_thumb01_JNT",
                "R_thumb02_JNT",
                "R_thumb03End_JNT"
            ]
        },
        "L_pinky04End_JNT": {
            "joint_matrix": [
                -0.16362496132332854,
                -0.9854349808112981,
                0.046311668350162205,
                0.0,
                0.9686891462133215,
                -0.15160427163859644,
                0.19661506257008077,
                0.0,
                -0.18673031366236534,
                0.07703274248244663,
                0.979386413294154,
                0.0,
                38.783238028350986,
                69.43563925762962,
                -0.8997722583012708,
                1.0
            ],
            "parent": "L_pinky03_JNT",
            "isLocator": false,
            "children": []
        },
        "L_pinky03_JNT": {
            "joint_matrix": [
                -0.16362496132332854,
                -0.9854349808112981,
                0.046311668350162205,
                0.0,
                0.02365072042951157,
                0.043012471616458325,
                0.9987945588100728,
                0.0,
                -0.9862390762158555,
                0.16452302537602342,
                0.01626833322796552,
                0.0,
                39.13421767809441,
                71.54942203021459,
                -0.9991119495385773,
                1.0
            ],
            "parent": "L_pinky02_JNT",
            "isLocator": false,
            "children": [
                "L_pinky04End_JNT"
            ]
        },
        "L_pinky02_JNT": {
            "joint_matrix": [
                -0.1518339997117238,
                -0.9879487773677689,
                0.030060768936784058,
                0.0,
                0.019922148023462424,
                0.02734827768608956,
                0.999427425942342,
                0.0,
                -0.9882052137838937,
                0.1523459385908764,
                0.015529663396013721,
                0.0,
                39.572860839347285,
                74.4035717969553,
                -1.0859564688238459,
                1.0
            ],
            "parent": "L_pinky01_JNT",
            "isLocator": false,
            "children": [
                "L_pinky03_JNT",
                "L_pinky04End_JNT"
            ]
        },
        "L_pinky01_JNT": {
            "joint_matrix": [
                0.06219949212200834,
                -0.9953404643820528,
                0.07367891926109851,
                0.0,
                -0.0022318295401209907,
                0.0736829647550714,
                0.9972792184949041,
                0.0,
                -0.9980612416663958,
                -0.0621946996827073,
                0.0023616127349238066,
                0.0,
                39.29954406511883,
                78.77729312011886,
                -1.4097160985903054,
                1.0
            ],
            "parent": "L_pinky00_JNT",
            "isLocator": false,
            "children": [
                "L_pinky02_JNT",
                "L_pinky03_JNT",
                "L_pinky04End_JNT"
            ]
        },
        "L_pinky00_JNT": {
            "joint_matrix": [
                0.24265299944712204,
                -0.9700859872175409,
                0.007259425837070342,
                0.0,
                -0.014065090991691894,
                0.003964302373025808,
                0.9998932230603879,
                0.0,
                -0.9700111829637379,
                -0.24272919418739902,
                -0.01268239781844982,
                0.0,
                38.12515741801599,
                83.47229393414393,
                -1.4448501080116356,
                1.0
            ],
            "parent": "C_guides_GRP",
            "isLocator": false,
            "children": [
                "L_pinky01_JNT",
                "L_pinky02_JNT",
                "L_pinky03_JNT",
                "L_pinky04End_JNT"
            ]
        },
        "L_ring04End_JNT": {
            "joint_matrix": [
                -0.12271507752152881,
                -0.9888679217159663,
                0.08415012269765618,
                0.0,
                0.9710938941374384,
                -0.10215083510544605,
                0.21573561517803638,
                0.0,
                -0.20473802411342892,
                0.10819168308333754,
                0.9728190485356072,
                0.0,
                39.6237032423428,
                68.85736194323187,
                1.719255153812092,
                1.0
            ],
            "parent": "L_ring03_JNT",
            "isLocator": false,
            "children": []
        },
        "L_ring03_JNT": {
            "joint_matrix": [
                -0.12271507752152881,
                -0.9888679217159663,
                0.08415012269765618,
                0.0,
                0.006566986542354878,
                0.08398004024817343,
                0.9964457975864357,
                0.0,
                -0.9924202156529449,
                0.12283153602011392,
                -0.0038117348152405628,
                0.0,
                39.88693016431366,
                70.9785084602392,
                1.5387510280880712,
                1.0
            ],
            "parent": "L_ring02_JNT",
            "isLocator": false,
            "children": [
                "L_ring04End_JNT"
            ]
        },
        "L_ring02_JNT": {
            "joint_matrix": [
                -0.1105820472550826,
                -0.9915258950137301,
                0.06817631804443461,
                0.0,
                0.0034914128582782637,
                0.06820904540623815,
                0.9976649418321881,
                0.0,
                -0.9938608659471042,
                0.1105618634158765,
                -0.00408086962316994,
                0.0,
                40.23909883490787,
                74.13620326671395,
                1.321631125828223,
                1.0
            ],
            "parent": "L_ring01_JNT",
            "isLocator": false,
            "children": [
                "L_ring03_JNT",
                "L_ring04End_JNT"
            ]
        },
        "L_ring01_JNT": {
            "joint_matrix": [
                0.10288194491276206,
                -0.9880284680344035,
                0.11495673866527714,
                0.0,
                -0.020556673732324556,
                0.11343337374684098,
                0.9933329214747051,
                0.0,
                -0.9944811353545275,
                -0.1045591510772679,
                -0.008640332746540485,
                0.0,
                39.78510683253566,
                78.36324862073353,
                0.8268350485455205,
                1.0
            ],
            "parent": "L_ring00_JNT",
            "isLocator": false,
            "children": [
                "L_ring02_JNT",
                "L_ring03_JNT",
                "L_ring04End_JNT"
            ]
        },
        "L_ring00_JNT": {
            "joint_matrix": [
                0.2283411918174909,
                -0.9614085418534802,
                0.15347285027174257,
                0.0,
                -0.04407397676536784,
                0.1472680824403949,
                0.9881141616566453,
                0.0,
                -0.9725830477092707,
                -0.2323913241614109,
                -0.008745728274560216,
                0.0,
                38.500161265989725,
                83.77338786745095,
                -0.036803513433566734,
                1.0
            ],
            "parent": "C_guides_GRP",
            "isLocator": false,
            "children": [
                "L_ring01_JNT",
                "L_ring02_JNT",
                "L_ring03_JNT",
                "L_ring04End_JNT"
            ]
        },
        "L_middle04End_JNT": {
            "joint_matrix": [
                -0.06651047037895863,
                -0.9921544813092806,
                0.10585765228778692,
                0.0,
                0.9764212469433162,
                -0.042882164723890004,
                0.2115718990467614,
                0.0,
                -0.2053726024756699,
                0.11743340736990243,
                0.9716128287470609,
                0.0,
                40.260535460332484,
                68.63449371426175,
                4.371715014364488,
                1.0
            ],
            "parent": "L_middle03_JNT",
            "isLocator": false,
            "children": []
        },
        "L_middle03_JNT": {
            "joint_matrix": [
                -0.06651047037895863,
                -0.9921544813092806,
                0.10585765228778692,
                0.0,
                0.0070804250751539365,
                0.10562059519164396,
                0.9943812937963579,
                0.0,
                -0.9977606050104029,
                0.06688628476208834,
                -1.3179423471022466e-14,
                0.0,
                40.40320208900016,
                70.76268998410377,
                4.14464769271533,
                1.0
            ],
            "parent": "L_middle02_JNT",
            "isLocator": false,
            "children": [
                "L_middle04End_JNT"
            ]
        },
        "L_middle02_JNT": {
            "joint_matrix": [
                -0.05433147001621186,
                -0.9944708422684205,
                0.08986565107879534,
                0.0,
                0.004902368415106882,
                0.08973183397066141,
                0.9959538969029563,
                0.0,
                -0.9985109203958664,
                0.0545521938165638,
                4.808508204040488e-15,
                0.0,
                40.576230551051566,
                73.92976351149576,
                3.858454158972005,
                1.0
            ],
            "parent": "L_middle01_JNT",
            "isLocator": false,
            "children": [
                "L_middle03_JNT",
                "L_middle04End_JNT"
            ]
        },
        "L_middle01_JNT": {
            "joint_matrix": [
                0.12054184620836059,
                -0.9844729957362652,
                0.12760322871598268,
                0.0,
                -0.015508304584879961,
                0.1266573190449173,
                0.9918252951106141,
                0.0,
                -0.9925871023751934,
                -0.12153536192572723,
                8.503614479238308e-15,
                0.0,
                39.94290456630524,
                79.10217748301503,
                3.188027721802036,
                1.0
            ],
            "parent": "L_middle00_JNT",
            "isLocator": false,
            "children": [
                "L_middle02_JNT",
                "L_middle03_JNT",
                "L_middle04End_JNT"
            ]
        },
        "L_middle00_JNT": {
            "joint_matrix": [
                0.283953674161314,
                -0.9487982742800884,
                0.13839127737475493,
                0.0,
                -0.039678512927898923,
                0.13258114973572566,
                0.9903776321921773,
                0.0,
                -0.9580166629772788,
                -0.286712527556574,
                0.0,
                0.0,
                38.40133689105729,
                84.4772346724428,
                2.4101848085597357,
                1.0
            ],
            "parent": "C_guides_GRP",
            "isLocator": false,
            "children": [
                "L_middle01_JNT",
                "L_middle02_JNT",
                "L_middle03_JNT",
                "L_middle04End_JNT"
            ]
        },
        "R_clavicle_JNT": {
            "joint_matrix": [
                1.0,
                0.0,
                0.0,
                0.0,
                0.0,
                -1.0,
                -1.2246467991473532e-16,
                0.0,
                0.0,
                1.2246467991473532e-16,
                -1.0,
                0.0,
                -3.80434,
                135.852,
                -5.165,
                1.0
            ],
            "parent": "C_guides_GRP",
            "isLocator": false,
            "children": []
        },
        "L_clavicle_JNT": {
            "joint_matrix": [
                1.0,
                0.0,
                0.0,
                0.0,
                0.0,
                1.0,
                0.0,
                0.0,
                0.0,
                0.0,
                1.0,
                0.0,
                3.804338985238024,
                135.85196017886233,
                -5.1649951351406935,
                1.0
            ],
            "parent": "C_guides_GRP",
            "isLocator": false,
            "children": []
        },
        "R_wrist_JNT": {
            "joint_matrix": [
                0.4022794088433821,
                0.8912910029085367,
                -0.2092166947327918,
                0.0,
                0.9061433254865805,
                -0.42024222294205016,
                -0.04796611025344594,
                0.0,
                -0.13067345138451195,
                -0.17028453303520996,
                -0.9766921863679674,
                0.0,
                -36.72130000000001,
                87.93500000000003,
                -0.9863329999999948,
                1.0
            ],
            "parent": "R_elbow_JNT",
            "isLocator": false,
            "children": []
        },
        "R_elbow_JNT": {
            "joint_matrix": [
                0.4022794088433821,
                0.8912910029085367,
                -0.2092166947327918,
                0.0,
                0.9061433254865805,
                -0.42024222294205016,
                -0.04796611025344594,
                0.0,
                -0.13067345138451195,
                -0.17028453303520996,
                -0.9766921863679674,
                0.0,
                -27.902200000000004,
                107.475,
                -5.573000000000006,
                1.0
            ],
            "parent": "R_shoulder_JNT",
            "isLocator": false,
            "children": [
                "R_wrist_JNT"
            ]
        },
        "R_shoulder_JNT": {
            "joint_matrix": [
                0.42125866325087513,
                0.9068468093898601,
                0.013038517381849144,
                0.0,
                0.9061433254865805,
                -0.42024222294205016,
                -0.04796611025344594,
                0.0,
                -0.03801857851376284,
                0.03202090498651409,
                -0.9987638606455671,
                0.0,
                -14.7201,
                135.852,
                -5.165,
                1.0
            ],
            "parent": "C_guides_GRP",
            "isLocator": false,
            "children": [
                "R_elbow_JNT",
                "R_wrist_JNT"
            ]
        },
        "L_index04End_JNT": {
            "joint_matrix": [
                -0.002220584178333169,
                -0.9934659673330469,
                0.11410714595028837,
                0.0,
                0.9807964061812439,
                0.02008976283783473,
                0.19399693567444917,
                0.0,
                -0.195021738859707,
                0.11234666519364532,
                0.9743432394141212,
                0.0,
                40.40585310346678,
                69.66126127165478,
                6.809937895709316,
                1.0
            ],
            "parent": "L_index03_JNT",
            "isLocator": false,
            "children": []
        },
        "L_index03_JNT": {
            "joint_matrix": [
                -0.002220584178333169,
                -0.9934659673330469,
                0.11410714595028837,
                0.0,
                0.9807964061812439,
                0.02008976283783473,
                0.19399693567444917,
                0.0,
                -0.195021738859707,
                0.11234666519364532,
                0.9743432394141212,
                0.0,
                40.41061631227552,
                71.79227071194192,
                6.565175203055554,
                1.0
            ],
            "parent": "L_index02_JNT",
            "isLocator": false,
            "children": [
                "L_index04End_JNT"
            ]
        },
        "L_index02_JNT": {
            "joint_matrix": [
                0.009080211127929505,
                -0.9950584519659104,
                0.09887480435924297,
                0.0,
                0.9849707609411792,
                0.025955841996590734,
                0.17075975625773993,
                0.0,
                -0.17248231751929513,
                0.09583825664865972,
                0.9803391651391465,
                0.0,
                40.37921205169187,
                74.86509960356558,
                6.264428034020882,
                1.0
            ],
            "parent": "L_index01_JNT",
            "isLocator": false,
            "children": [
                "L_index03_JNT",
                "L_index04End_JNT"
            ]
        },
        "L_index01_JNT": {
            "joint_matrix": [
                0.19742840560489397,
                -0.9716956229828642,
                0.12972910597184104,
                0.0,
                0.9650242871573144,
                0.2159227751731839,
                0.14867911876934217,
                0.0,
                -0.17248231751929513,
