{
    "spiderVerse": {
        "L_wrist_JNT": {
            "joint_matrix": [
                0.402279408843383,
                -0.8912910029085362,
                0.20921669473279156,
                0.0,
                0.9061433254865804,
                0.42024222294205016,
                0.04796611025344243,
                0.0,
                -0.13067345138450878,
                0.17028453303521113,
                0.9766921863679675,
                0.0,
                36.72134671220167,
                87.93503709909324,
                -0.9863327347726072,
                1.0
            ],
            "parent": "L_elbow_JNT",
            "isLocator": false,
            "children": []
        },
        "L_elbow_JNT": {
            "joint_matrix": [
                0.402279408843383,
                -0.8912910029085362,
                0.20921669473279156,
                0.0,
                0.9061433254865804,
                0.42024222294205016,
                0.04796611025344243,
                0.0,
                -0.13067345138450878,
                0.17028453303521113,
                0.9766921863679675,
                0.0,
                27.902161595792073,
                107.47483996855459,
                -5.5729974253599375,
                1.0
            ],
            "parent": "L_shoulder_JNT",
            "isLocator": false,
            "children": [
                "L_wrist_JNT"
            ]
        },
        "L_shoulder_JNT": {
            "joint_matrix": [
                0.42125866325087524,
                -0.90684680938986,
                -0.01303851738184913,
                0.0,
                0.9061433254865804,
                0.42024222294205016,
                0.04796611025344243,
                0.0,
                -0.03801857851375968,
                -0.03202090498651262,
                0.9987638606455671,
                0.0,
                14.720103057435011,
                135.85196017886233,
                -5.1649951351406935,
                1.0
            ],
            "parent": "C_guides_GRP",
            "isLocator": false,
            "children": [
                "L_elbow_JNT",
                "L_wrist_JNT"
            ]
        },
        "L_tip_JNT": {
            "joint_matrix": [
                1.0,
                -2.270602810383294e-16,
                2.508356323837326e-16,
                0.0,
                3.0453463785931514e-16,
                1.0000000000000002,
                -3.4694469519536137e-16,
                0.0,
                -2.2039951569449367e-16,
                1.5265566588595902e-16,
                1.0000000000000002,
                0.0,
                8.988769686477513,
                2.602685086697179,
                12.850178718566879,
                1.0
            ],
            "parent": "L_ball_JNT",
            "isLocator": false,
            "children": []
        },
        "L_ball_JNT": {
            "joint_matrix": [
                1.0,
                -2.270602810383294e-16,
                2.508356323837326e-16,
                0.0,
                3.0453463785931514e-16,
                1.0000000000000002,
                -3.4694469519536137e-16,
                0.0,
                -2.2039951569449367e-16,
                1.5265566588595902e-16,
                1.0000000000000002,
                0.0,
                8.988769686477516,
                2.6026850866971767,
                -2.297979237563018,
                1.0
            ],
            "parent": "L_ankle_JNT",
            "isLocator": false,
            "children": [
                "L_tip_JNT"
            ]
        },
        "L_ankle_JNT": {
            "joint_matrix": [
                1.0,
                -2.270602810383294e-16,
                2.508356323837326e-16,
                0.0,
                3.0453463785931514e-16,
                1.0000000000000002,
                -3.4694469519536137e-16,
                0.0,
                -2.2039951569449367e-16,
                1.5265566588595902e-16,
                1.0000000000000002,
                0.0,
                8.463770233144054,
                8.412600476637387,
                -7.312681565655602,
                1.0
            ],
            "parent": "L_knee_JNT",
            "isLocator": false,
            "children": [
                "L_ball_JNT",
                "L_tip_JNT"
            ]
        },
        "L_knee_JNT": {
            "joint_matrix": [
                -6.551069843205479e-19,
                -0.9929453291374265,
                -0.11857307174973586,
                0.0,
                -2.220436385288989e-16,
                -0.11857307174973594,
                0.9929453291374265,
                0.0,
                -1.0,
                0.0,
                -2.220446049250313e-16,
                0.0,
                8.46377023314454,
                51.24038047666251,
                -2.1983804235812974,
                1.0
            ],
            "parent": "L_hip_JNT",
            "isLocator": false,
            "children": [
                "L_ankle_JNT",
                "L_ball_JNT",
                "L_tip_JNT"
            ]
        },
        "L_hip_JNT": {
            "joint_matrix": [
                0.0,
                -0.9925911767543596,
                -0.12150208158462031,
                0.0,
                -2.2204460492503126e-16,
                -0.12150208158462039,
                0.9925911767543596,
                0.0,
                -1.0,
                0.0,
                -2.220446049250313e-16,
                0.0,
                8.46377023314454,
                93.03021063196019,
                2.9170704003312355,
                1.0
            ],
            "parent": "C_guides_GRP",
            "isLocator": false,
            "children": [
                "L_knee_JNT",
                "L_ankle_JNT",
                "L_ball_JNT",
                "L_tip_JNT"
            ]
        },
        "C_spine07_JNT": {
            "joint_matrix": [
                1.0,
                0.0,
                0.0,
                0.0,
                0.0,
                1.0,
                0.0,
                0.0,
                0.0,
                0.0,
                1.0,
                0.0,
                0.0,
                119.92404880265501,
                2.9294980924791334,
                1.0
            ],
            "parent": "C_spine06_JNT",
            "isLocator": false,
            "children": []
        },
        "C_spine06_JNT": {
            "joint_matrix": [
                1.0,
                0.0,
                0.0,
                0.0,
                0.0,
                1.0,
                0.0,
                0.0,
                0.0,
                0.0,
                1.0,
                0.0,
                0.0,
                116.17404880265501,
                2.9294980924791334,
                1.0
            ],
            "parent": "C_spine05_JNT",
            "isLocator": false,
            "children": [
                "C_spine07_JNT"
            ]
        },
        "C_spine05_JNT": {
            "joint_matrix": [
                1.0,
                0.0,
                0.0,
                0.0,
                0.0,
                1.0,
                0.0,
                0.0,
                0.0,
                0.0,
                1.0,
                0.0,
                0.0,
                112.42404880265501,
                2.9294980924791334,
                1.0
            ],
            "parent": "C_spine04_JNT",
            "isLocator": false,
            "children": [
                "C_spine06_JNT",
                "C_spine07_JNT"
            ]
        },
        "C_spine04_JNT": {
            "joint_matrix": [
                1.0,
                0.0,
                0.0,
                0.0,
                0.0,
                1.0,
                0.0,
                0.0,
                0.0,
                0.0,
                1.0,
                0.0,
                0.0,
                108.67404880265501,
                2.9294980924791334,
                1.0
            ],
            "parent": "C_spine03_JNT",
            "isLocator": false,
            "children": [
                "C_spine05_JNT",
                "C_spine06_JNT",
                "C_spine07_JNT"
            ]
        },
        "C_spine03_JNT": {
            "joint_matrix": [
                1.0,
                0.0,
                0.0,
                0.0,
                0.0,
                1.0,
                0.0,
                0.0,
                0.0,
                0.0,
                1.0,
                0.0,
                0.0,
                104.92404880265501,
                2.9294980924791334,
                1.0
            ],
            "parent": "C_spine02_JNT",
            "isLocator": false,
            "children": [
                "C_spine04_JNT",
                "C_spine05_JNT",
                "C_spine06_JNT",
                "C_spine07_JNT"
            ]
        },
        "C_spine02_JNT": {
            "joint_matrix": [
                1.0,
                0.0,
                0.0,
                0.0,
                0.0,
                1.0,
                0.0,
                0.0,
                0.0,
                0.0,
                1.0,
                0.0,
                0.0,
                101.17404880265501,
                2.9294980924791334,
                1.0
            ],
            "parent": "C_spine01_JNT",
            "isLocator": false,
            "children": [
                "C_spine03_JNT",
                "C_spine04_JNT",
                "C_spine05_JNT",
                "C_spine06_JNT",
                "C_spine07_JNT"
            ]
        },
        "C_spine01_JNT": {
            "joint_matrix": [
                1.0,
                0.0,
                0.0,
                0.0,
                0.0,
                1.0,
                0.0,
                0.0,
                0.0,
                0.0,
                1.0,
                0.0,
                0.0,
                97.42404880265501,
                2.9294980924791334,
                1.0
            ],
            "parent": "C_spine00_JNT",
            "isLocator": false,
            "children": [
                "C_spine02_JNT",
                "C_spine03_JNT",
                "C_spine04_JNT",
                "C_spine05_JNT",
                "C_spine06_JNT",
                "C_spine07_JNT"
            ]
        },
        "C_spine00_JNT": {
            "joint_matrix": [
                1.0,
                0.0,
                0.0,
                0.0,
                0.0,
                1.0,
                0.0,
                0.0,
                0.0,
                0.0,
                1.0,
                0.0,
                0.0,
                93.67404880265501,
                2.9294980924791334,
                1.0
            ],
            "parent": "C_guides_GRP",
            "isLocator": false,
            "children": [
                "C_spine01_JNT",
                "C_spine02_JNT",
                "C_spine03_JNT",
                "C_spine04_JNT",
                "C_spine05_JNT",
                "C_spine06_JNT",
                "C_spine07_JNT"
            ]
        },
        "C_neck04_JNT": {
            "joint_matrix": [
                1.0,
                0.0,
                0.0,
                0.0,
                0.0,
                0.9796808003580417,
                0.20056303101475803,
                0.0,
                0.0,
                -0.20056303101475803,
                0.9796808003580417,
                0.0,
                0.0,
                149.60018359192418,
                -2.897027788250179,
                1.0
            ],
            "parent": "C_neck03_JNT",
            "isLocator": false,
            "children": []
        },
        "C_neck03_JNT": {
            "joint_matrix": [
                1.0,
                0.0,
                0.0,
                0.0,
                0.0,
                0.9796808003580417,
                0.20056303101475803,
                0.0,
                0.0,
                -0.20056303101475803,
                0.9796808003580417,
                0.0,
                0.0,
                147.15098159102908,
                -3.398435365787088,
                1.0
            ],
            "parent": "C_neck02_JNT",
            "isLocator": false,
            "children": [
                "C_neck04_JNT"
            ]
        },
        "C_neck02_JNT": {
            "joint_matrix": [
                1.0,
                0.0,
                0.0,
                0.0,
                0.0,
                0.9796808003580417,
                0.20056303101475803,
                0.0,
                0.0,
                -0.20056303101475803,
                0.9796808003580417,
                0.0,
                0.0,
                144.70177959013395,
                -3.8998429433239887,
                1.0
            ],
            "parent": "C_neck01_JNT",
            "isLocator": false,
            "children": [
                "C_neck03_JNT",
                "C_neck04_JNT"
            ]
        },
        "C_neck01_JNT": {
            "joint_matrix": [
                1.0,
                0.0,
                0.0,
                0.0,
                0.0,
                0.9796808003580417,
                0.20056303101475803,
                0.0,
                0.0,
                -0.20056303101475803,
                0.9796808003580417,
                0.0,
                0.0,
                142.25257758923883,
                -4.4012505208608825,
                1.0
            ],
            "parent": "C_neck00_JNT",
            "isLocator": false,
            "children": [
                "C_neck02_JNT",
                "C_neck03_JNT",
                "C_neck04_JNT"
            ]
        },
        "C_neck00_JNT": {
            "joint_matrix": [
                1.0,
                0.0,
                0.0,
                0.0,
                0.0,
                0.9796808003580417,
                0.20056303101475803,
                0.0,
                0.0,
                -0.20056303101475803,
                0.9796808003580417,
                0.0,
                0.0,
                139.80337558834378,
                -4.902658098397773,
                1.0
            ],
            "parent": "C_guides_GRP",
            "isLocator": false,
            "children": [
                "C_neck01_JNT",
                "C_neck02_JNT",
                "C_neck03_JNT",
                "C_neck04_JNT"
            ]
        },
        "L_thumb03End_JNT": {
            "joint_matrix": [
                -0.17355247816125205,
                -0.9600148542831842,
                0.21966114103255588,
                0.0,
                0.23014833479590216,
                0.17733325493922114,
                0.9568618817171757,
                0.0,
                -0.9575548450688145,
                0.2166203966580653,
                0.19016919423750267,
                0.0,
                34.657426293802985,
                76.55511414055938,
                8.612700560378999,
                1.0
            ],
            "parent": "L_thumb02_JNT",
            "isLocator": false,
            "children": []
        },
        "L_thumb02_JNT": {
            "joint_matrix": [
                -0.17355247816125205,
                -0.9600148542831842,
                0.21966114103255588,
                0.0,
                0.23014833479590216,
                0.17733325493922114,
                0.9568618817171757,
                0.0,
                -0.9575548450688145,
                0.2166203966580653,
                0.19016919423750267,
                0.0,
                35.2091390857068,
                79.71446162320026,
                7.894484936939524,
                1.0
            ],
            "parent": "L_thumb01_JNT",
            "isLocator": false,
            "children": [
                "L_thumb03End_JNT"
            ]
        },
        "L_thumb01_JNT": {
            "joint_matrix": [
                -0.15297829424445503,
                -0.8675610933157083,
                0.4732181218581019,
                0.0,
                0.26780784016322295,
                0.42454108572027527,
                0.8648952695457175,
                0.0,
                -0.9512500208868152,
                0.2590417261761172,
                0.16739409148034756,
                0.0,
                35.946790933892295,
                83.88540006744572,
                5.774853894089008,
                1.0
            ],
            "parent": "L_thumb00_JNT",
            "isLocator": false,
            "children": [
                "L_thumb02_JNT",
                "L_thumb03End_JNT"
            ]
        },
        "L_thumb00_JNT": {
            "joint_matrix": [
                -0.1129868831340104,
                -0.7977027666104599,
                0.592371724833047,
                0.0,
                0.2869797240267941,
                0.544580278968781,
                0.7880830906419637,
                0.0,
                -0.9512500208868152,
                0.2590417261761172,
                0.16739409148034756,
                0.0,
                36.16655983748233,
                85.43699844323156,
                4.622641496628324,
                1.0
            ],
            "parent": "C_guides_GRP",
            "isLocator": false,
            "children": [
                "L_thumb01_JNT",
                "L_thumb02_JNT",
                "L_thumb03End_JNT"
            ]
        },
        "L_index04End_JNT": {
            "joint_matrix": [
                -0.002220584178333176,
                -0.9934659673330468,
                0.11410714595028833,
                0.0,
                0.9807964061812439,
                0.020089762837834757,
                0.1939969356744492,
                0.0,
                -0.195021738859707,
                0.11234666519364532,
                0.974343239414121,
                0.0,
                40.40585310346678,
                69.66126127165478,
                6.809937895709316,
                1.0
            ],
            "parent": "L_index03_JNT",
            "isLocator": false,
            "children": []
        },
        "L_index03_JNT": {
            "joint_matrix": [
                -0.002220584178333176,
                -0.9934659673330468,
                0.11410714595028833,
                0.0,
                0.9807964061812439,
                0.020089762837834757,
                0.1939969356744492,
                0.0,
                -0.195021738859707,
                0.11234666519364532,
                0.974343239414121,
                0.0,
                40.410616312275515,
                71.79227071194192,
                6.565175203055554,
                1.0
            ],
            "parent": "L_index02_JNT",
            "isLocator": false,
            "children": [
                "L_index04End_JNT"
            ]
        },
        "L_index02_JNT": {
            "joint_matrix": [
                0.009080211127929477,
                -0.9950584519659103,
                0.09887480435924281,
                0.0,
                0.9849707609411792,
                0.025955841996590734,
                0.17075975625774006,
                0.0,
                -0.17248231751929527,
                0.09583825664865961,
                0.9803391651391464,
                0.0,
                40.379212051691866,
                74.8650996035656,
                6.264428034020882,
                1.0
            ],
            "parent": "L_index01_JNT",
            "isLocator": false,
            "children": [
                "L_index03_JNT",
                "L_index04End_JNT"
            ]
        },
        "L_index01_JNT": {
            "joint_matrix": [
                0.197428405604894,
                -0.971695622982864,
                0.12972910597184092,
                0.0,
                0.9650242871573144,
                0.21592277517318392,
                0.14867911876934234,
                0.0,
                -0.17248231751929527,
                0.09583825664865961,
                0.9803391651391464,
                0.0,
                39.33721247713366,
                80.11028545845416,
                5.568784917886522,
                1.0
            ],
            "parent": "L_index00_JNT",
            "isLocator": false,
            "children": [
                "L_index02_JNT",
                "L_index03_JNT",
                "L_index04End_JNT"
            ]
        },
        "L_index00_JNT": {
            "joint_matrix": [
                0.27355042805451313,
                -0.914037036918776,
                0.299510364515048,
                0.0,
                0.9369484198038662,
                0.3236245825228843,
                0.13188930287906986,
                0.0,
                -0.21748062428232728,
                0.2445473874888733,
                0.9449332004613533,
                0.0,
                37.84208127492747,
                85.10609299172684,
                3.9317657606177066,
                1.0
            ],
            "parent": "C_guides_GRP",
            "isLocator": false,
            "children": [
                "L_index01_JNT",
                "L_index02_JNT",
                "L_index03_JNT",
                "L_index04End_JNT"
            ]
        },
        "R_wrist_JNT": {
            "joint_matrix": [
                0.4022794088433821,
                0.8912910029085367,
                -0.20921669473279184,
                0.0,
                0.9061433254865805,
                -0.42024222294205016,
                -0.04796611025344594,
                0.0,
                -0.13067345138451195,
                -0.17028453303521,
                -0.9766921863679674,
                0.0,
                -36.72130000000001,
                87.93500000000002,
                -0.9863329999999966,
                1.0
            ],
            "parent": "R_elbow_JNT",
            "isLocator": false,
            "children": []
        },
        "R_elbow_JNT": {
            "joint_matrix": [
                0.4022794088433821,
                0.8912910029085367,
                -0.20921669473279184,
                0.0,
                0.9061433254865805,
                -0.42024222294205016,
                -0.04796611025344594,
                0.0,
                -0.13067345138451195,
                -0.17028453303521,
                -0.9766921863679674,
                0.0,
                -27.902200000000004,
                107.475,
                -5.573000000000004,
                1.0
            ],
            "parent": "R_shoulder_JNT",
            "isLocator": false,
            "children": [
                "R_wrist_JNT"
            ]
        },
        "R_shoulder_JNT": {
            "joint_matrix": [
                0.42125866325087513,
                0.9068468093898601,
                0.013038517381849144,
                0.0,
                0.9061433254865805,
                -0.42024222294205016,
                -0.04796611025344594,
                0.0,
                -0.03801857851376284,
                0.03202090498651409,
                -0.9987638606455671,
                0.0,
                -14.7201,
                135.852,
                -5.165,
                1.0
            ],
            "parent": "C_guides_GRP",
            "isLocator": false,
            "children": [
                "R_elbow_JNT",
                "R_wrist_JNT"
            ]
        },
        "L_clavicle_JNT": {
            "joint_matrix": [
                1.0,
                0.0,
                0.0,
                0.0,
                0.0,
                1.0,
                0.0,
                0.0,
                0.0,
                0.0,
                1.0,
                0.0,
                3.804338985238024,
                135.85196017886233,
                -5.1649951351406935,
                1.0
            ],
            "parent": "C_guides_GRP",
            "isLocator": false,
            "children": []
        },
        "R_clavicle_JNT": {
            "joint_matrix": [
                1.0,
                0.0,
                0.0,
                0.0,
                0.0,
                -1.0,
                -1.2246467991473532e-16,
                0.0,
                0.0,
                1.2246467991473532e-16,
                -1.0,
                0.0,
                -3.80434,
                135.852,
                -5.165,
                1.0
            ],
            "parent": "C_guides_GRP",
            "isLocator": false,
            "children": []
        },
        "L_middle04End_JNT": {
            "joint_matrix": [
                -0.06651047037895863,
                -0.9921544813092806,
                0.10585765228778692,
                0.0,
                0.9764212469433162,
                -0.042882164723890004,
                0.2115718990467614,
                0.0,
                -0.2053726024756699,
                0.11743340736990243,
                0.9716128287470609,
                0.0,
                40.260535460332484,
                68.63449371426175,
                4.371715014364486,
                1.0
            ],
            "parent": "L_middle03_JNT",
            "isLocator": false,
            "children": []
        },
        "L_middle03_JNT": {
            "joint_matrix": [
                -0.06651047037895863,
                -0.9921544813092806,
                0.10585765228778692,
                0.0,
                0.0070804250751539365,
                0.10562059519164396,
                0.9943812937963579,
                0.0,
                -0.9977606050104029,
                0.06688628476208834,
                -1.3179423471022466e-14,
                0.0,
                40.40320208900017,
                70.76268998410379,
                4.144647692715329,
                1.0
            ],
            "parent": "L_middle02_JNT",
            "isLocator": false,
            "children": [
                "L_middle04End_JNT"
            ]
        },
        "L_middle02_JNT": {
            "joint_matrix": [
                -0.05433147001621186,
                -0.9944708422684205,
                0.08986565107879534,
                0.0,
                0.004902368415106882,
                0.08973183397066141,
                0.9959538969029563,
                0.0,
                -0.9985109203958664,
                0.0545521938165638,
                4.808508204040488e-15,
                0.0,
                40.57623055105155,
                73.92976351149579,
                3.858454158972002,
                1.0
            ],
            "parent": "L_middle01_JNT",
            "isLocator": false,
            "children": [
                "L_middle03_JNT",
                "L_middle04End_JNT"
            ]
        },
        "L_middle01_JNT": {
            "joint_matrix": [
                0.12054184620836059,
                -0.9844729957362652,
                0.12760322871598268,
                0.0,
                -0.015508304584879961,
                0.1266573190449173,
                0.9918252951106141,
                0.0,
                -0.9925871023751934,
                -0.12153536192572723,
                8.503614479238308e-15,
                0.0,
                39.94290456630523,
                79.10217748301503,
                3.188027721802035,
                1.0
            ],
            "parent": "L_middle00_JNT",
            "isLocator": false,
            "children": [
                "L_middle02_JNT",
                "L_middle03_JNT",
                "L_middle04End_JNT"
            ]
        },
        "L_middle00_JNT": {
            "joint_matrix": [
                0.283953674161314,
                -0.9487982742800884,
                0.13839127737475493,
                0.0,
                -0.039678512927898923,
                0.13258114973572566,
                0.9903776321921773,
                0.0,
                -0.9580166629772788,
                -0.286712527556574,
                0.0,
                0.0,
                38.40133689105729,
                84.4772346724428,
                2.4101848085597357,
                1.0
            ],
            "parent": "C_guides_GRP",
            "isLocator": false,
            "children": [
                "L_middle01_JNT",
                "L_middle02_JNT",
                "L_middle03_JNT",
                "L_middle04End_JNT"
            ]
        },
        "L_ring04End_JNT": {
            "joint_matrix": [
                -0.12271507752152881,
                -0.9888679217159663,
                0.08415012269765618,
                0.0,
                0.9710938941374384,
                -0.10215083510544605,
                0.21573561517803638,
                0.0,
                -0.20473802411342892,
                0.10819168308333754,
                0.9728190485356072,
                0.0,
                39.623703242342785,
                68.85736194323185,
                1.7192551538120933,
                1.0
            ],
            "parent": "L_ring03_JNT",
            "isLocator": false,
            "children": []
        },
        "L_ring03_JNT": {
            "joint_matrix": [
                -0.12271507752152881,
                -0.9888679217159663,
                0.08415012269765618,
                0.0,
                0.006566986542354878,
                0.08398004024817343,
                0.9964457975864357,
                0.0,
                -0.9924202156529449,
                0.12283153602011392,
                -0.0038117348152405628,
                0.0,
                39.88693016431366,
                70.97850846023918,
                1.538751028088071,
                1.0
            ],
            "parent": "L_ring02_JNT",
            "isLocator": false,
            "children": [
                "L_ring04End_JNT"
            ]
        },
        "L_ring02_JNT": {
            "joint_matrix": [
                -0.1105820472550826,
                -0.9915258950137301,
                0.06817631804443461,
                0.0,
                0.0034914128582782637,
                0.06820904540623815,
                0.9976649418321881,
                0.0,
                -0.9938608659471042,
                0.1105618634158765,
                -0.00408086962316994,
                0.0,
                40.23909883490788,
                74.13620326671396,
                1.3216311258282236,
                1.0
            ],
            "parent": "L_ring01_JNT",
            "isLocator": false,
            "children": [
                "L_ring03_JNT",
                "L_ring04End_JNT"
            ]
        },
        "L_ring01_JNT": {
            "joint_matrix": [
                0.10288194491276206,
                -0.9880284680344035,
                0.11495673866527714,
                0.0,
                -0.020556673732324556,
                0.11343337374684098,
                0.9933329214747051,
                0.0,
                -0.9944811353545275,
                -0.1045591510772679,
                -0.008640332746540485,
                0.0,
                39.78510683253567,
                78.36324862073351,
                0.826835048545519,
                1.0
            ],
            "parent": "L_ring00_JNT",
            "isLocator": false,
            "children": [
                "L_ring02_JNT",
                "L_ring03_JNT",
                "L_ring04End_JNT"
            ]
        },
        "L_ring00_JNT": {
            "joint_matrix": [
                0.2283411918174909,
                -0.9614085418534802,
                0.15347285027174257,
                0.0,
                -0.04407397676536784,
                0.1472680824403949,
                0.9881141616566453,
                0.0,
                -0.9725830477092707,
                -0.2323913241614109,
                -0.008745728274560216,
                0.0,
                38.500161265989725,
                83.77338786745095,
                -0.036803513433566734,
                1.0
            ],
            "parent": "C_guides_GRP",
            "isLocator": false,
            "children": [
                "L_ring01_JNT",
                "L_ring02_JNT",
                "L_ring03_JNT",
                "L_ring04End_JNT"
            ]
        },
        "L_pinky04End_JNT": {
            "joint_matrix": [
                -0.16362496132332857,
                -0.9854349808112981,
                0.046311668350162545,
                0.0,
                0.9686891462133215,
                -0.1516042716385964,
                0.19661506257008085,
                0.0,
                -0.18673031366236534,
                0.07703274248244699,
                0.979386413294154,
                0.0,
                38.78323802835098,
                69.43563925762959,
                -0.8997722583012702,
                1.0
            ],
            "parent": "L_pinky03_JNT",
            "isLocator": false,
            "children": []
        },
        "L_pinky03_JNT": {
            "joint_matrix": [
                -0.16362496132332857,
                -0.9854349808112981,
                0.046311668350162545,
                0.0,
                0.023650720429511014,
                0.04301247161645876,
                0.998794558810073,
                0.0,
                -0.9862390762158555,
                0.16452302537602342,
                0.016268333227964907,
                0.0,
                39.13421767809441,
                71.54942203021456,
                -0.9991119495385771,
                1.0
            ],
            "parent": "L_pinky02_JNT",
            "isLocator": false,
            "children": [
                "L_pinky04End_JNT"
            ]
        },
        "L_pinky02_JNT": {
            "joint_matrix": [
                -0.15183399971172382,
                -0.9879487773677689,
                0.03006076893678406,
                0.0,
                0.019922148023462424,
                0.02734827768608957,
                0.999427425942342,
                0.0,
                -0.9882052137838937,
                0.15234593859087642,
                0.015529663396013721,
                0.0,
                39.57286083934728,
                74.4035717969553,
                -1.085956468823845,
                1.0
            ],
            "parent": "L_pinky01_JNT",
            "isLocator": false,
            "children": [
                "L_pinky03_JNT",
                "L_pinky04End_JNT"
            ]
        },
        "L_pinky01_JNT": {
            "joint_matrix": [
                0.06219949212200837,
                -0.9953404643820528,
                0.07367891926109855,
                0.0,
                -0.0022318295401211156,
                0.07368296475507144,
                0.9972792184949041,
                0.0,
                -0.9980612416663958,
                -0.06219469968270733,
                0.0023616127349236887,
                0.0,
                39.29954406511884,
                78.77729312011886,
                -1.4097160985903057,
                1.0
            ],
            "parent": "L_pinky00_JNT",
            "isLocator": false,
            "children": [
                "L_pinky02_JNT",
                "L_pinky03_JNT",
                "L_pinky04End_JNT"
            ]
        },
        "L_pinky00_JNT": {
            "joint_matrix": [
                0.24265299944712204,
                -0.9700859872175409,
                0.007259425837070342,
                0.0,
                -0.014065090991691894,
                0.003964302373025808,
                0.9998932230603879,
                0.0,
                -0.9700111829637379,
                -0.24272919418739902,
                -0.01268239781844982,
                0.0,
                38.12515741801599,
                83.47229393414393,
                -1.4448501080116356,
                1.0
            ],
            "parent": "C_guides_GRP",
            "isLocator": false,
            "children": [
                "L_pinky01_JNT",
                "L_pinky02_JNT",
                "L_pinky03_JNT",
                "L_pinky04End_JNT"
            ]
        },
        "R_thumb03End_JNT": {
            "joint_matrix": [
                -0.17355247816125263,
                0.9600148542831842,
                -0.2196611410325564,
                0.0,
                0.23014830625859115,
                -0.17733326139500127,
                -0.9568618873846497,
                0.0,
                -0.9575548519277576,
                -0.21662039137313163,
                -0.19016916572084344,
                0.0,
                -34.657399999999996,
                76.55510000000001,
                8.612699999999998,
                1.0
            ],
            "parent": "R_thumb02_JNT",
            "isLocator": false,
            "children": []
        },
        "R_thumb02_JNT": {
            "joint_matrix": [
                -0.17355247816125263,
                0.9600148542831842,
                -0.2196611410325564,
                0.0,
                0.23014833479594993,
                -0.17733325493921034,
                -0.9568618817171665,
                0.0,
                -0.9575548450688031,
                -0.21662039665807464,
                -0.19016919423755027,
                0.0,
                -35.209099999999985,
                79.7145,
                7.894480000000011,
                1.0
            ],
            "parent": "R_thumb01_JNT",
            "isLocator": false,
            "children": [
                "R_thumb03End_JNT"
            ]
        },
        "R_thumb01_JNT": {
            "joint_matrix": [
                -0.15297829424445525,
                0.8675610933157085,
                -0.4732181218581022,
                0.0,
                0.26780781561187034,
                -0.42454109240603016,
                -0.8648952738660867,
                0.0,
                -0.9512500277988198,
                -0.259041715218895,
                -0.1673940691577738,
                0.0,
                -35.9468,
                83.88540000000002,
                5.774849999999988,
                1.0
            ],
            "parent": "R_thumb00_JNT",
            "isLocator": false,
            "children": [
                "R_thumb02_JNT",
                "R_thumb03End_JNT"
            ]
        },
        "R_thumb00_JNT": {
            "joint_matrix": [
                -0.11298688313401062,
                0.7977027666104601,
                -0.5923717248330472,
                0.0,
                0.2869797240267944,
                -0.5445802789687808,
                -0.7880830906419638,
                0.0,
                -0.9512500208868153,
                -0.2590417261761175,
                -0.16739409148034778,
                0.0,
                -36.1666,
                85.437,
                4.62264,
                1.0
            ],
            "parent": "C_guides_GRP",
            "isLocator": false,
            "children": [
                "R_thumb01_JNT",
                "R_thumb02_JNT",
                "R_thumb03End_JNT"
            ]
        },
        "R_index04End_JNT": {
            "joint_matrix": [
                -0.0022205841783294153,
                0.9934659673330472,
                -0.11410714595028658,
                0.0,
