{
    "spot": {
        "R_tip_JNT": {
            "joint_matrix": [
                0.9998407114852701,
                -0.01784745788494499,
                -0.00014108038106187858,
                0.0,
                -0.017843286495960807,
                -0.999362616992903,
                -0.030918875854707345,
                0.0,
                0.0004108328758423307,
                0.030916468170553667,
                -0.9995218873102315,
                0.0,
                -13.0058,
                1.55953,
                17.690199999999997,
                1.0
            ],
            "parent": "R_ball_JNT",
            "isLocator": false,
            "children": []
        },
        "R_ball_JNT": {
            "joint_matrix": [
                0.11125956544013693,
                0.030374265429318616,
                -0.9933270927029532,
                0.0,
                -0.9937864999549796,
                0.0065332583185766235,
                -0.1111112462488571,
                0.0,
                0.0031147400057238983,
                0.9995172437408831,
                0.030912422411139073,
                0.0,
                -11.457300000000002,
                1.9822699999999998,
                3.865380000000002,
                1.0
            ],
            "parent": "R_ankle_JNT",
            "isLocator": false,
            "children": [
                "R_tip_JNT"
            ]
        },
        "R_ankle_JNT": {
            "joint_matrix": [
                0.06658503932980388,
                0.8350711561681199,
                -0.5460976072768383,
                0.0,
                -0.04589320772617634,
                -0.5441698084759774,
                -0.8377189463225839,
                0.0,
                -0.9967247594105659,
                0.0808417199177349,
                0.0020905259366969546,
                0.0,
                -10.819799999999999,
                10.057000000000002,
                -4.418269999999996,
                1.0
            ],
            "parent": "R_knee_JNT",
            "isLocator": false,
            "children": [
                "R_ball_JNT",
                "R_tip_JNT"
            ]
        },
        "R_knee_JNT": {
            "joint_matrix": [
                0.013199564113370343,
                0.9933659518445488,
                0.11423597166913121,
                0.0,
                0.001517801098511407,
                0.11422588805965095,
                -0.9934536439999652,
                0.0,
                -0.9999117299977246,
                0.013286542550927859,
                -8.345873905163394e-14,
                0.0,
                -10.190799999999996,
                57.3926,
                1.0252699999999995,
                1.0
            ],
            "parent": "R_hip_JNT",
            "isLocator": false,
            "children": [
                "R_ankle_JNT",
                "R_ball_JNT",
                "R_tip_JNT"
            ]
        },
        "R_hip_JNT": {
            "joint_matrix": [
                0.01784963889452551,
                0.9998406825046353,
                0.0,
                0.0,
                0.0,
                0.0,
                -1.0,
                0.0,
                -0.9998406825046353,
                0.017849638894525507,
                0.0,
                0.0,
                -9.3667,
                103.553,
                1.02527,
                1.0
            ],
            "parent": "C_guides_GRP",
            "isLocator": false,
            "children": [
                "R_knee_JNT",
                "R_ankle_JNT",
                "R_ball_JNT",
                "R_tip_JNT"
            ]
        },
        "R_ring04End_JNT": {
            "joint_matrix": [
                0.7452212350824163,
                0.5546587961010989,
                0.3701336659774651,
                0.0,
                0.3508706838777151,
                -0.7981888911483146,
                0.48967770752057777,
                0.0,
                0.5670406281541231,
                -0.23504917348313215,
                -0.7894408223973941,
                0.0,
                -64.92029999999998,
                108.441,
                27.328600000000026,
                1.0
            ],
            "parent": "R_ring03_JNT",
            "isLocator": false,
            "children": []
        },
        "R_ring03_JNT": {
            "joint_matrix": [
                0.464743191574744,
                0.6340530906958246,
                -0.6180537549954643,
                0.0,
                0.8524555141393857,
                -0.509154103893992,
                0.11866631746734885,
                0.0,
                -0.23944386043136812,
                -0.5820126945926338,
                -0.7771279566678483,
                0.0,
                -63.830999999999975,
                109.927,
                25.880000000000003,
                1.0
            ],
            "parent": "R_ring02_JNT",
            "isLocator": false,
            "children": [
                "R_ring04End_JNT"
            ]
        },
        "R_ring02_JNT": {
            "joint_matrix": [
                0.4738200842898616,
                0.5889401467099132,
                -0.6547091196224889,
                0.0,
                0.8280076383615168,
                -0.551078273430284,
                0.10351853635016615,
                0.0,
                -0.29982974925536027,
                -0.5911533135713636,
                -0.748758893980609,
                0.0,
                -62.6215,
                111.42999999999998,
                24.20880000000003,
                1.0
            ],
            "parent": "R_ring01_JNT",
            "isLocator": false,
            "children": [
                "R_ring03_JNT",
                "R_ring04End_JNT"
            ]
        },
        "R_ring01_JNT": {
            "joint_matrix": [
                0.4860209476608707,
                0.628493782273401,
                -0.6072719358561732,
                0.0,
                0.8438152486748444,
                -0.5183554695897996,
                0.1388648020563485,
                0.0,
                -0.22750706481039176,
                -0.5799165222598965,
                -0.7822642537348534,
                0.0,
                -61.3928,
                113.01900000000002,
                22.67349999999999,
                1.0
            ],
            "parent": "R_ring00_JNT",
            "isLocator": false,
            "children": [
                "R_ring02_JNT",
                "R_ring03_JNT",
                "R_ring04End_JNT"
            ]
        },
        "R_ring00_JNT": {
            "joint_matrix": [
                0.4860209476608707,
                0.628493782273401,
                -0.6072719358561732,
                0.0,
                0.8438152486748444,
                -0.5183554695897996,
                0.1388648020563485,
                0.0,
                -0.22750706481039176,
                -0.5799165222598965,
                -0.7822642537348534,
                0.0,
                -58.2551,
                117.077,
                18.7531,
                1.0
            ],
            "parent": "C_guides_GRP",
            "isLocator": false,
            "children": [
                "R_ring01_JNT",
                "R_ring02_JNT",
                "R_ring03_JNT",
                "R_ring04End_JNT"
            ]
        },
        "R_pinky04End_JNT": {
            "joint_matrix": [
                0.4439919711100544,
                0.5987376210716727,
                -0.6666216248391907,
                0.0,
                0.6446032261078348,
                -0.7301923745164173,
                -0.22650778593560078,
                0.0,
                -0.6223807600506142,
                -0.3291388116152674,
                -0.7101477537860059,
                0.0,
                -65.1209,
                108.02400000000002,
                31.03169999999997,
                1.0
            ],
            "parent": "R_pinky03_JNT",
            "isLocator": false,
            "children": []
        },
        "R_pinky03_JNT": {
            "joint_matrix": [
                0.4439919711100544,
                0.5987376210716727,
                -0.6666216248391907,
                0.0,
                0.6446032468455674,
                -0.7301923635495086,
                -0.22650776227347064,
                0.0,
                -0.622380738572428,
                -0.3291388359452842,
                -0.7101477613332472,
                0.0,
                -63.821499999999986,
                109.777,
                29.080699999999965,
                1.0
            ],
            "parent": "R_pinky02_JNT",
            "isLocator": false,
            "children": [
                "R_pinky04End_JNT"
            ]
        },
        "R_pinky02_JNT": {
            "joint_matrix": [
                0.4292666234111261,
                0.6151351141906042,
                -0.6613160797341335,
                0.0,
                0.6545016289355201,
                -0.7164331217652462,
                -0.2415599299520823,
                0.0,
                -0.622380738572428,
                -0.3291388359452842,
                -0.7101477613332472,
                0.0,
                -62.45960000000001,
                111.728,
                26.982699999999973,
                1.0
            ],
            "parent": "R_pinky01_JNT",
            "isLocator": false,
            "children": [
                "R_pinky03_JNT",
                "R_pinky04End_JNT"
            ]
        },
        "R_pinky01_JNT": {
            "joint_matrix": [
                0.4342241453303394,
                0.6096772109316401,
                -0.6631312766585157,
                0.0,
                0.6512231790202104,
                -0.721083429965701,
                -0.23653130476896989,
                0.0,
                -0.6223807216800238,
                -0.32913885443611324,
                -0.7101477675678043,
                0.0,
                -60.79749999999998,
                114.06199999999998,
                24.444299999999977,
                1.0
            ],
            "parent": "R_pinky00_JNT",
            "isLocator": false,
            "children": [
                "R_pinky02_JNT",
                "R_pinky03_JNT",
                "R_pinky04End_JNT"
            ]
        },
        "R_pinky00_JNT": {
            "joint_matrix": [
                0.4342241453303394,
                0.6096772109316401,
                -0.6631312766585157,
                0.0,
                0.6512231790202104,
                -0.721083429965701,
                -0.23653130476896989,
                0.0,
                -0.6223807216800238,
                -0.32913885443611324,
                -0.7101477675678043,
                0.0,
                -58.1247,
                117.815,
                20.3626,
                1.0
            ],
            "parent": "C_guides_GRP",
            "isLocator": false,
            "children": [
                "R_pinky01_JNT",
                "R_pinky02_JNT",
                "R_pinky03_JNT",
                "R_pinky04End_JNT"
            ]
        },
        "R_middle04End_JNT": {
            "joint_matrix": [
                0.9301830314419913,
                0.3073083851565199,
                0.20080110664505635,
                0.0,
                0.2598439262042677,
                -0.9375702170924523,
                0.2311779012707813,
                0.0,
                0.25930804467300744,
                -0.16286081306963934,
                -0.9519641240793466,
                0.0,
                -64.66650000000001,
                108.788,
                34.1093,
                1.0
            ],
            "parent": "R_middle03_JNT",
            "isLocator": false,
            "children": []
        },
        "R_middle03_JNT": {
            "joint_matrix": [
                0.5046199204991699,
                0.5273516400077752,
                -0.6835634452020685,
                0.0,
                0.612779766867322,
                -0.7765183074690943,
                -0.14669790551798426,
                0.0,
                -0.6081609105766679,
                -0.344847163170067,
                -0.7149970216022689,
                0.0,
                -62.8512,
                110.68499999999999,
                31.6504,
                1.0
            ],
            "parent": "R_middle02_JNT",
            "isLocator": false,
            "children": [
                "R_middle04End_JNT"
            ]
        },
        "R_middle02_JNT": {
            "joint_matrix": [
                0.45475860175424254,
                0.5869072295485168,
                -0.6698764946124105,
                0.0,
                0.650641929925427,
                -0.7325437447396856,
                -0.20011182140411862,
                0.0,
                -0.6081609105766679,
                -0.344847163170067,
                -0.7149970216022689,
                0.0,
                -61.4127,
                112.541,
                29.531399999999998,
                1.0
            ],
            "parent": "R_middle01_JNT",
            "isLocator": false,
            "children": [
                "R_middle03_JNT",
                "R_middle04End_JNT"
            ]
        },
        "R_middle01_JNT": {
            "joint_matrix": [
                0.4576980573363837,
                0.5835865096152991,
                -0.6707751293134927,
                0.0,
                0.6485775166909955,
                -0.7351919612241347,
                -0.19707862642699706,
                0.0,
                -0.6081609105766679,
                -0.344847163170067,
                -0.7149970216022689,
                0.0,
                -59.5039,
                114.97500000000001,
                26.734100000000005,
                1.0
            ],
            "parent": "R_middle00_JNT",
            "isLocator": false,
            "children": [
                "R_middle02_JNT",
                "R_middle03_JNT",
                "R_middle04End_JNT"
            ]
        },
        "R_middle00_JNT": {
            "joint_matrix": [
                0.4576980573363837,
                0.5835865096152991,
                -0.6707751293134927,
                0.0,
                0.6249458743794746,
                -0.7477917321604362,
                -0.22416551788481726,
                0.0,
                -0.6324200679979837,
                -0.31659802764314054,
                -0.7069728046296397,
                0.0,
                -56.1632,
                119.235,
                21.838,
                1.0
            ],
            "parent": "C_guides_GRP",
            "isLocator": false,
            "children": [
                "R_middle01_JNT",
                "R_middle02_JNT",
                "R_middle03_JNT",
                "R_middle04End_JNT"
            ]
        },
        "R_index04End_JNT": {
            "joint_matrix": [
                0.9453947367492821,
                0.27191279549381553,
                0.17970037110004555,
                0.0,
                0.23973048474734193,
                -0.9536619572888869,
                0.18181904713954994,
                0.0,
                0.22081233301054526,
                -0.12881111313340926,
                -0.9667727813316697,
                0.0,
                -62.278900000000014,
                109.999,
                35.28959999999999,
                1.0
            ],
            "parent": "R_index03_JNT",
            "isLocator": false,
            "children": []
        },
        "R_index03_JNT": {
            "joint_matrix": [
                0.5021616014969267,
                0.603913771486603,
                -0.6189684019324966,
                0.0,
                0.6379361840500275,
                -0.7419317346129538,
                -0.20633643947180788,
                0.0,
                -0.5838417174729218,
                -0.29124810348402397,
                -0.7578280749320577,
                0.0,
                -60.673900000000025,
                111.93000000000002,
                33.3113,
                1.0
            ],
            "parent": "R_index02_JNT",
            "isLocator": false,
            "children": [
                "R_index04End_JNT"
            ]
        },
        "R_index02_JNT": {
            "joint_matrix": [
                0.4528800614379185,
                0.5856912833081974,
                -0.6722093205310262,
                0.0,
                0.6082945059009462,
                -0.7541989926103583,
                -0.24730886283399653,
                0.0,
                -0.6518262376145276,
                -0.2968999835000294,
                -0.6978344759002466,
                0.0,
                -59.25540000000002,
                113.76400000000005,
                31.20599999999998,
                1.0
            ],
            "parent": "R_index01_JNT",
            "isLocator": false,
            "children": [
                "R_index03_JNT",
                "R_index04End_JNT"
            ]
        },
        "R_index01_JNT": {
            "joint_matrix": [
                0.4313141590355647,
                0.5561172810931624,
                -0.7104235820163857,
                0.0,
                0.5770539457728513,
                -0.7753490078653402,
                -0.25659824564913947,
                0.0,
                -0.6935249381842205,
                -0.2992782746404784,
                -0.655328676653778,
                0.0,
                -57.53459999999999,
                115.98299999999999,
                28.371599999999987,
                1.0
            ],
            "parent": "R_index00_JNT",
            "isLocator": false,
            "children": [
                "R_index02_JNT",
                "R_index03_JNT",
                "R_index04End_JNT"
            ]
        },
        "R_index00_JNT": {
            "joint_matrix": [
                0.4313141590355647,
                0.5561172810931624,
                -0.7104235820163857,
                0.0,
                0.5770539457728513,
                -0.7753490078653402,
                -0.25659824564913947,
                0.0,
                -0.6935249381842205,
                -0.2992782746404784,
                -0.655328676653778,
                0.0,
                -54.3318,
                120.112,
                23.0962,
                1.0
            ],
            "parent": "C_guides_GRP",
            "isLocator": false,
            "children": [
                "R_index01_JNT",
                "R_index02_JNT",
                "R_index03_JNT",
                "R_index04End_JNT"
            ]
        },
        "R_thumb03End_JNT": {
            "joint_matrix": [
                1.0,
                -4.569378979115092e-18,
                -1.1102230246251565e-16,
                0.0,
                1.3877787807814457e-17,
                -0.9999999999999998,
                -1.5765166949677223e-14,
                0.0,
                1.3877787807814457e-16,
                1.5703858230230767e-14,
                -0.9999999999999999,
                0.0,
                -50.37930000000001,
                116.393,
                33.54290000000002,
                1.0
            ],
            "parent": "R_thumb02_JNT",
            "isLocator": false,
            "children": []
        },
        "R_thumb02_JNT": {
            "joint_matrix": [
                -0.21832751323659386,
                0.15780059673831515,
                -0.9630327453586178,
                0.0,
                -0.034889340493873267,
                -0.9874709978875487,
                -0.15389529638969132,
                0.0,
                -0.9752516756631735,
                -3.4887687073448767e-15,
                0.22109764611178595,
                0.0,
                -51.226,
                117.00499999999998,
                29.807900000000004,
                1.0
            ],
            "parent": "R_thumb01_JNT",
            "isLocator": false,
            "children": [
                "R_thumb03End_JNT"
            ]
        },
        "R_thumb01_JNT": {
            "joint_matrix": [
                -0.315986684514141,
                0.36360508699086425,
                -0.8763240016820986,
                0.0,
                -0.12333634566516885,
                -0.931553187270789,
                -0.3420479573445747,
                0.0,
                -0.9407127941341731,
                8.475176767545884e-16,
                0.3392041257889965,
                0.0,
                -52.5069,
                118.47899999999998,
                26.255699999999997,
                1.0
            ],
            "parent": "R_thumb00_JNT",
            "isLocator": false,
            "children": [
                "R_thumb02_JNT",
                "R_thumb03End_JNT"
            ]
        },
        "R_thumb00_JNT": {
            "joint_matrix": [
                0.043177231749070843,
                0.20026377462896758,
                -0.9787901446325689,
                0.0,
                0.00882562476134477,
                -0.9797420173552616,
                -0.20006920746635115,
                0.0,
                -0.999028445543999,
                -1.8596235662471372e-15,
                -0.044070001065815934,
                0.0,
                -52.3154,
                119.367,
                21.9147,
                1.0
            ],
            "parent": "C_guides_GRP",
            "isLocator": false,
            "children": [
                "R_thumb01_JNT",
                "R_thumb02_JNT",
                "R_thumb03End_JNT"
            ]
        },
        "L_pinky04End_JNT": {
            "joint_matrix": [
                0.4439919714741678,
                -0.5987376212642238,
                0.666621624423736,
                0.0,
                0.6446032629048156,
                0.7301923550567627,
                0.2265077439495691,
                0.0,
                -0.6223807216800236,
                0.3291388544361135,
                0.7101477675678041,
                0.0,
                65.12091806701729,
                108.02434427240885,
                31.03172636353323,
                1.0
            ],
            "parent": "L_pinky03_JNT",
            "isLocator": false,
            "children": []
        },
        "L_pinky03_JNT": {
            "joint_matrix": [
                0.4439919714741678,
                -0.5987376212642238,
                0.666621624423736,
                0.0,
                0.6446032629048156,
                0.7301923550567627,
                0.2265077439495691,
                0.0,
                -0.6223807216800236,
                0.3291388544361135,
                0.7101477675678041,
                0.0,
                63.821452722169624,
                109.7767155752188,
                29.080673743846223,
                1.0
            ],
            "parent": "L_pinky02_JNT",
            "isLocator": false,
            "children": [
                "L_pinky04End_JNT"
            ]
        },
        "L_pinky02_JNT": {
            "joint_matrix": [
                0.4292666234111214,
                -0.6151351141906092,
                0.6613160797341318,
                0.0,
                0.6545016449989012,
                0.71643311327031,
                0.2415599116234801,
                0.0,
                -0.6223807216800236,
                0.3291388544361135,
                0.7101477675678041,
                0.0,
                62.45964050292965,
                111.7281799316406,
                26.982704162597663,
                1.0
            ],
            "parent": "L_pinky01_JNT",
            "isLocator": false,
            "children": [
                "L_pinky03_JNT",
                "L_pinky04End_JNT"
            ]
        },
        "L_pinky01_JNT": {
            "joint_matrix": [
                0.4342241453303395,
                -0.6096772109316398,
                0.6631312766585157,
                0.0,
                0.6512231790202107,
                0.7210834299657006,
                0.2365313047689696,
                0.0,
                -0.6223807216800236,
                0.3291388544361135,
                0.7101477675678041,
                0.0,
                60.79746718667376,
                114.06197274910119,
                24.444293700881005,
                1.0
            ],
            "parent": "L_pinky00_JNT",
            "isLocator": false,
            "children": [
                "L_pinky02_JNT",
                "L_pinky03_JNT",
                "L_pinky04End_JNT"
            ]
        },
        "L_pinky00_JNT": {
            "joint_matrix": [
                0.4342241453303395,
                -0.6096772109316398,
                0.6631312766585157,
                0.0,
                0.6512231790202107,
                0.7210834299657006,
                0.2365313047689696,
                0.0,
                -0.6223807216800236,
                0.3291388544361135,
                0.7101477675678041,
                0.0,
                58.12470671146846,
                117.81469163757254,
                20.362551390634888,
                1.0
            ],
            "parent": "C_guides_GRP",
            "isLocator": false,
            "children": [
                "L_pinky01_JNT",
                "L_pinky02_JNT",
                "L_pinky03_JNT",
                "L_pinky04End_JNT"
            ]
        },
        "L_ring04End_JNT": {
            "joint_matrix": [
                0.745221235082416,
                -0.5546587961010994,
                -0.3701336659774646,
                0.0,
                0.3508706838777132,
                0.798188891148313,
                -0.48967770752058165,
                0.0,
                0.5670406281541248,
                0.23504917348313586,
                0.7894408223973919,
                0.0,
                64.92028626058412,
                108.44069302060352,
                27.328624388372198,
                1.0
            ],
            "parent": "L_ring03_JNT",
            "isLocator": false,
            "children": []
        },
        "L_ring03_JNT": {
            "joint_matrix": [
                0.4647431915747443,
                -0.6340530906958244,
                0.6180537549954642,
                0.0,
                0.8524555141393868,
                0.5091541038939895,
                -0.1186663174673526,
                0.0,
                -0.23944386043136415,
                0.582012694592636,
                0.7771279566678478,
                0.0,
                63.83100501105457,
                109.92680869786813,
                25.88000851035,
                1.0
            ],
            "parent": "L_ring02_JNT",
            "isLocator": false,
            "children": [
                "L_ring04End_JNT"
            ]
        },
        "L_ring02_JNT": {
            "joint_matrix": [
                0.47382008428986166,
                -0.5889401467099129,
                0.6547091196224892,
                0.0,
                0.8280076383615174,
                0.5510782734302831,
                -0.10351853635016778,
                0.0,
                -0.29982974925535877,
                0.5911533135713648,
                0.7487588939806087,
                0.0,
                62.62154388427734,
                111.43012237548831,
                24.208814620971676,
                1.0
            ],
            "parent": "L_ring01_JNT",
            "isLocator": false,
            "children": [
                "L_ring03_JNT",
                "L_ring04End_JNT"
            ]
        },
        "L_ring01_JNT": {
            "joint_matrix": [
                0.4860209476608707,
                -0.628493782273401,
                0.6072719358561732,
                0.0,
                0.8438152486748444,
                0.5183554695897996,
                -0.1388648020563485,
                0.0,
                -0.22750706481039176,
                0.5799165222598965,
                0.7822642537348534,
                0.0,
                61.39281463623048,
                113.01904296875003,
                22.673545837402354,
                1.0
            ],
            "parent": "L_ring00_JNT",
            "isLocator": false,
            "children": [
                "L_ring02_JNT",
                "L_ring03_JNT",
                "L_ring04End_JNT"
            ]
        },
        "L_ring00_JNT": {
            "joint_matrix": [
                0.4860209476608707,
                -0.628493782273401,
                0.6072719358561732,
                0.0,
                0.8438152486748444,
                0.5183554695897996,
                -0.1388648020563485,
                0.0,
                -0.22750706481039176,
                0.5799165222598965,
                0.7822642537348534,
                0.0,
                58.255122010984486,
                117.07652303240401,
                18.75307145491892,
                1.0
            ],
            "parent": "C_guides_GRP",
            "isLocator": false,
            "children": [
                "L_ring01_JNT",
                "L_ring02_JNT",
                "L_ring03_JNT",
                "L_ring04End_JNT"
            ]
        },
        "L_middle04End_JNT": {
            "joint_matrix": [
                0.9301830314419912,
                -0.30730838515652004,
                -0.2008011066450568,
                0.0,
                0.25984392620426744,
                0.9375702170924523,
                -0.2311779012707822,
                0.0,
                0.259308044673008,
                0.16286081306964012,
                0.9519641240793463,
                0.0,
                64.66645397222149,
                108.78765687242583,
                34.10933414736853,
                1.0
            ],
            "parent": "L_middle03_JNT",
            "isLocator": false,
            "children": []
        },
        "L_middle03_JNT": {
            "joint_matrix": [
                0.5046199204991704,
                -0.5273516400077751,
                0.6835634452020681,
                0.0,
                0.6127797668673223,
                0.7765183074690943,
                0.14669790551798334,
                0.0,
                -0.6081609105766671,
                0.34484716317006747,
                0.7149970216022693,
                0.0,
                62.851218582235695,
                110.68466355215064,
                31.650397219543763,
                1.0
            ],
            "parent": "L_middle02_JNT",
            "isLocator": false,
            "children": [
                "L_middle04End_JNT"
            ]
        },
        "L_middle02_JNT": {
            "joint_matrix": [
                0.454758601754243,
                -0.5869072295485167,
                0.6698764946124103,
                0.0,
                0.6506419299254274,
                0.7325437447396856,
                0.2001118214041177,
                0.0,
                -0.6081609105766671,
                0.34484716317006747,
                0.7149970216022693,
                0.0,
                61.41269683837889,
                112.54120635986328,
                29.531400680541978,
                1.0
            ],
            "parent": "L_middle01_JNT",
            "isLocator": false,
            "children": [
                "L_middle03_JNT",
                "L_middle04End_JNT"
            ]
        },
        "L_middle01_JNT": {
            "joint_matrix": [
                0.4576980573363837,
                -0.5835865096152995,
                0.6707751293134924,
                0.0,
                0.6485775166909962,
                0.7351919612241342,
                0.19707862642699664,
                0.0,
                -0.6081609105766671,
                0.34484716317006747,
                0.7149970216022693,
                0.0,
                59.50394791030315,
                114.97495084886162,
                26.73405144880594,
                1.0
            ],
            "parent": "L_middle00_JNT",
            "isLocator": false,
            "children": [
                "L_middle02_JNT",
                "L_middle03_JNT",
                "L_middle04End_JNT"
            ]
        },
        "L_middle00_JNT": {
            "joint_matrix": [
                0.4576980573363837,
                -0.5835865096152995,
                0.6707751293134924,
                0.0,
                0.6249458743794754,
                0.7477917321604357,
                0.22416551788481684,
                0.0,
                -0.6324200679979829,
                0.3165980276431411,
                0.7069728046296403,
                0.0,
                56.16318556597525,
                119.23457966906369,
                21.838028278938637,
                1.0
            ],
            "parent": "C_guides_GRP",
            "isLocator": false,
            "children": [
                "L_middle01_JNT",
                "L_middle02_JNT",
                "L_middle03_JNT",
                "L_middle04End_JNT"
            ]
        },
        "L_index04End_JNT": {
            "joint_matrix": [
                0.9453947367492821,
                -0.27191279549381586,
                -0.179700371100046,
                0.0,
                0.23973048474734351,
                0.9536619572888876,
                -0.18181904713954306,
                0.0,
                0.22081233301054437,
                0.12881111313340193,
                0.9667727813316709,
                0.0,
                62.278857195311424,
                109.99943262091908,
                35.2896398161017,
                1.0
            ],
            "parent": "L_index03_JNT",
            "isLocator": false,
            "children": []
        },
        "L_index03_JNT": {
            "joint_matrix": [
                0.5021616014969272,
                -0.6039137714866031,
                0.6189684019324965,
                0.0,
                0.6379361840500243,
                0.7419317346129553,
                0.20633643947181185,
                0.0,
                -0.5838417174729251,
                0.29124810348401964,
                0.7578280749320567,
                0.0,
                60.67386010731258,
                111.92964759902371,
                33.3113075826065,
                1.0
            ],
            "parent": "L_index02_JNT",
            "isLocator": false,
            "children": [
                "L_index04End_JNT"
            ]
        },
        "L_index02_JNT": {
            "joint_matrix": [
                0.4528800614379183,
                -0.5856912833081973,
                0.6722093205310266,
                0.0,
                0.60829450590094,
                0.7541989926103609,
                0.2473088628340032,
                0.0,
                -0.6518262376145338,
                0.2968999835000223,
                0.6978344759002438,
                0.0,
                59.255447387695355,
                113.76402282714845,
                31.20595932006836,
                1.0
            ],
            "parent": "L_index01_JNT",
            "isLocator": false,
            "children": [
                "L_index03_JNT",
                "L_index04End_JNT"
            ]
        },
        "L_index01_JNT": {
            "joint_matrix": [
                0.4313141590355647,
                -0.5561172810931624,
                0.7104235820163858,
                0.0,
                0.5770539457728564,
                0.7753490078653378,
                0.25659824564913464,
                0.0,
                -0.6935249381842163,
                0.299278274640484,
                0.6553286766537796,
                0.0,
                57.53461456298831,
                115.98278808593754,
                28.371551513671882,
                1.0
            ],
            "parent": "L_index00_JNT",
            "isLocator": false,
            "children": [
                "L_index02_JNT",
                "L_index03_JNT",
                "L_index04End_JNT"
            ]
        },
        "L_index00_JNT": {
            "joint_matrix": [
                0.4313141590355647,
                -0.5561172810931624,
                0.7104235820163858,
                0.0,
                0.5770539457728564,
                0.7753490078653378,
                0.25659824564913464,
                0.0,
                -0.6935249381842163,
                0.299278274640484,
                0.6553286766537796,
                0.0,
                54.33184130114407,
                120.11230139085039,
                23.096218892657564,
                1.0
            ],
            "parent": "C_guides_GRP",
            "isLocator": false,
            "children": [
                "L_index01_JNT",
                "L_index02_JNT",
                "L_index03_JNT",
                "L_index04End_JNT"
            ]
        },
        "L_thumb03End_JNT": {
            "joint_matrix": [
                1.0000000000000002,
                4.135184308687143e-17,
                1.3877787807814457e-16,
                0.0,
                -4.163336342344337e-17,
                1.0,
                1.304512053934559e-15,
                0.0,
                -1.1102230246251565e-16,
                -1.220856667447376e-15,
                1.0000000000000004,
                0.0,
                50.37925720214843,
                116.39308929443357,
                33.54293060302735,
                1.0
            ],
            "parent": "L_thumb02_JNT",
            "isLocator": false,
            "children": []
        },
        "L_thumb02_JNT": {
            "joint_matrix": [
                -0.21832751323659375,
                -0.1578005967383148,
                0.963032745358618,
                0.0,
                -0.0348893404938764,
                0.9874709978875491,
                0.15389529638969035,
                0.0,
                -0.9752516756631734,
                2.4931288306476093e-16,
                -0.2210976461117862,
                0.0,
                51.22600936889649,
                117.0050964355469,
                29.80794525146484,
                1.0
            ],
            "parent": "L_thumb01_JNT",
            "isLocator": false,
            "children": [
                "L_thumb03End_JNT"
            ]
        },
        "L_thumb01_JNT": {
            "joint_matrix": [
                -0.31598668451414097,
                -0.36360508699086425,
                0.8763240016820987,
                0.0,
                -0.12333634566516828,
                0.9315531872707893,
                0.3420479573445749,
                0.0,
                -0.9407127941341731,
                -3.0113967509860313e-16,
                -0.3392041257889961,
                0.0,
                52.506877899169915,
                118.47898864746092,
                26.255720138549805,
                1.0
            ],
            "parent": "L_thumb00_JNT",
            "isLocator": false,
            "children": [
                "L_thumb02_JNT",
                "L_thumb03End_JNT"
            ]
        },
        "L_thumb00_JNT": {
            "joint_matrix": [
                0.04317723174907051,
                -0.20026377462896797,
                0.9787901446325689,
