{
    "spot": {
        "R_pinky04End_JNT": {
            "joint_matrix": [
                0.7452212350824157,
                0.5546587961010996,
                0.37013366597746555,
                0.0,
                0.3508706838777095,
                -0.7981888911483119,
                0.4896777075205864,
                0.0,
                0.5670406281541276,
                -0.23504917348313997,
                -0.7894408223973886,
                0.0,
                -64.92030000000001,
                108.44100000000002,
                27.328599999999998,
                1.0
            ],
            "parent": "R_pinky03_JNT",
            "isLocator": false,
            "children": []
        },
        "R_pinky03_JNT": {
            "joint_matrix": [
                0.46474319157474486,
                0.6340530906958232,
                -0.6180537549954652,
                0.0,
                0.8524555141393869,
                -0.5091541038939883,
                0.11866631746735587,
                0.0,
                -0.239443860431362,
                -0.5820126945926386,
                -0.7771279566678465,
                0.0,
                -63.83099999999999,
                109.927,
                25.879999999999992,
                1.0
            ],
            "parent": "R_pinky02_JNT",
            "isLocator": false,
            "children": [
                "R_pinky04End_JNT"
            ]
        },
        "R_pinky02_JNT": {
            "joint_matrix": [
                0.47382008428986166,
                0.5889401467099129,
                -0.6547091196224893,
                0.0,
                0.8280076383615166,
                -0.5510782734302844,
                0.10351853635016622,
                0.0,
                -0.2998297492553606,
                -0.5911533135713637,
                -0.7487588939806088,
                0.0,
                -62.6215,
                111.42999999999998,
                24.20880000000003,
                1.0
            ],
            "parent": "R_pinky01_JNT",
            "isLocator": false,
            "children": [
                "R_pinky03_JNT",
                "R_pinky04End_JNT"
            ]
        },
        "R_pinky01_JNT": {
            "joint_matrix": [
                0.4860209476608707,
                0.628493782273401,
                -0.6072719358561732,
                0.0,
                0.8438152486748444,
                -0.5183554695897996,
                0.1388648020563485,
                0.0,
                -0.22750706481039176,
                -0.5799165222598965,
                -0.7822642537348534,
                0.0,
                -61.3928,
                113.01900000000002,
                22.67349999999999,
                1.0
            ],
            "parent": "R_pinky00_JNT",
            "isLocator": false,
            "children": [
                "R_pinky02_JNT",
                "R_pinky03_JNT",
                "R_pinky04End_JNT"
            ]
        },
        "R_pinky00_JNT": {
            "joint_matrix": [
                0.4860209476608707,
                0.628493782273401,
                -0.6072719358561732,
                0.0,
                0.8438152486748444,
                -0.5183554695897996,
                0.1388648020563485,
                0.0,
                -0.22750706481039176,
                -0.5799165222598965,
                -0.7822642537348534,
                0.0,
                -58.2551,
                117.077,
                18.7531,
                1.0
            ],
            "parent": "C_guides_GRP",
            "isLocator": false,
            "children": [
                "R_pinky01_JNT",
                "R_pinky02_JNT",
                "R_pinky03_JNT",
                "R_pinky04End_JNT"
            ]
        },
        "R_ring04End_JNT": {
            "joint_matrix": [
                0.44399197147416414,
                0.5987376212642275,
                -0.6666216244237352,
                0.0,
                0.6446032629048193,
                -0.7301923550567585,
                -0.22650774394957085,
                0.0,
                -0.6223807216800222,
                -0.3291388544361157,
                -0.7101477675678038,
                0.0,
                -65.12089999999998,
                108.024,
                31.031699999999983,
                1.0
            ],
            "parent": "R_ring03_JNT",
            "isLocator": false,
            "children": []
        },
        "R_ring03_JNT": {
            "joint_matrix": [
                0.44399197147416414,
                0.5987376212642275,
                -0.6666216244237352,
                0.0,
                0.6446032629048193,
                -0.7301923550567585,
                -0.22650774394957085,
                0.0,
                -0.6223807216800222,
                -0.3291388544361157,
                -0.7101477675678038,
                0.0,
                -63.82150000000001,
                109.777,
                29.080700000000014,
                1.0
            ],
            "parent": "R_ring02_JNT",
            "isLocator": false,
            "children": [
                "R_ring04End_JNT"
            ]
        },
        "R_ring02_JNT": {
            "joint_matrix": [
                0.4292666234111259,
                0.6151351141906036,
                -0.661316079734134,
                0.0,
                0.6545016449988993,
                -0.7164331132703136,
                -0.24155991162347334,
                0.0,
                -0.6223807216800222,
                -0.3291388544361157,
                -0.7101477675678038,
                0.0,
                -62.45959999999998,
                111.72799999999997,
                26.98269999999998,
                1.0
            ],
            "parent": "R_ring01_JNT",
            "isLocator": false,
            "children": [
                "R_ring03_JNT",
                "R_ring04End_JNT"
            ]
        },
        "R_ring01_JNT": {
            "joint_matrix": [
                0.43422414533033915,
                0.6096772109316395,
                -0.663131276658516,
                0.0,
                0.651223179020212,
                -0.7210834299656996,
                -0.23653130476896775,
                0.0,
                -0.6223807216800222,
                -0.3291388544361157,
                -0.7101477675678038,
                0.0,
                -60.797499999999985,
                114.06200000000001,
                24.44429999999998,
                1.0
            ],
            "parent": "R_ring00_JNT",
            "isLocator": false,
            "children": [
                "R_ring02_JNT",
                "R_ring03_JNT",
                "R_ring04End_JNT"
            ]
        },
        "R_ring00_JNT": {
            "joint_matrix": [
                0.43422414533033915,
                0.6096772109316395,
                -0.663131276658516,
                0.0,
                0.651223179020212,
                -0.7210834299656996,
                -0.23653130476896775,
                0.0,
                -0.6223807216800222,
                -0.3291388544361157,
                -0.7101477675678038,
                0.0,
                -58.1247,
                117.815,
                20.3626,
                1.0
            ],
            "parent": "C_guides_GRP",
            "isLocator": false,
            "children": [
                "R_ring01_JNT",
                "R_ring02_JNT",
                "R_ring03_JNT",
                "R_ring04End_JNT"
            ]
        },
        "R_wrist_JNT": {
            "joint_matrix": [
                0.5217748775493616,
                0.5577758195596266,
                -0.6454743312269944,
                0.0,
                0.7307008718636028,
                -0.6826973760803803,
                0.0007270149480775416,
                0.0,
                -0.4402581208974112,
                -0.4720279947286503,
                -0.7637816174642656,
                0.0,
                -52.82420000000013,
                120.79700000000003,
                15.094800000000006,
                1.0
            ],
            "parent": "R_elbow_JNT",
            "isLocator": false,
            "children": []
        },
        "R_elbow_JNT": {
            "joint_matrix": [
                0.5217748775493616,
                0.5577758195596266,
                -0.6454743312269944,
                0.0,
                0.7307008718636028,
                -0.6826973760803803,
                0.0007270149480775416,
                0.0,
                -0.4402581208974112,
                -0.4720279947286503,
                -0.7637816174642656,
                0.0,
                -39.06139999999999,
                135.509,
                -1.9308700000000028,
                1.0
            ],
            "parent": "R_shoulder_JNT",
            "isLocator": false,
            "children": [
                "R_wrist_JNT"
            ]
        },
        "R_shoulder_JNT": {
            "joint_matrix": [
                0.6823357823112295,
                0.7302783508636839,
                -0.033337822927429345,
                0.0,
                0.7307008718636028,
                -0.6826973760803803,
                0.0007270149480775416,
                0.0,
                -0.022228720959453042,
                -0.02485604459245547,
                -0.9994438758688378,
                0.0,
                -17.5216,
                158.563,
                -2.98327,
                1.0
            ],
            "parent": "C_guides_GRP",
            "isLocator": false,
            "children": [
                "R_elbow_JNT",
                "R_wrist_JNT"
            ]
        },
        "C_neck04_JNT": {
            "joint_matrix": [
                1.0,
                0.0,
                0.0,
                0.0,
                0.0,
                1.0,
                0.0,
                0.0,
                0.0,
                0.0,
                1.0,
                0.0,
                0.0,
                174.63874295161023,
                -1.3717002402884306,
                1.0
            ],
            "parent": "C_neck03_JNT",
            "isLocator": false,
            "children": []
        },
        "C_neck03_JNT": {
            "joint_matrix": [
                1.0,
                0.0,
                0.0,
                0.0,
                0.0,
                1.0,
                0.0,
                0.0,
                0.0,
                0.0,
                1.0,
                0.0,
                0.0,
                171.63874295161023,
                -1.3717002402884306,
                1.0
            ],
            "parent": "C_neck02_JNT",
            "isLocator": false,
            "children": [
                "C_neck04_JNT"
            ]
        },
        "C_neck02_JNT": {
            "joint_matrix": [
                1.0,
                0.0,
                0.0,
                0.0,
                0.0,
                1.0,
                0.0,
                0.0,
                0.0,
                0.0,
                1.0,
                0.0,
                0.0,
                168.63874295161023,
                -1.3717002402884306,
                1.0
            ],
            "parent": "C_neck01_JNT",
            "isLocator": false,
            "children": [
                "C_neck03_JNT",
                "C_neck04_JNT"
            ]
        },
        "C_neck01_JNT": {
            "joint_matrix": [
                1.0,
                0.0,
                0.0,
                0.0,
                0.0,
                1.0,
                0.0,
                0.0,
                0.0,
                0.0,
                1.0,
                0.0,
                0.0,
                165.63874295161023,
                -1.3717002402884306,
                1.0
            ],
            "parent": "C_neck00_JNT",
            "isLocator": false,
            "children": [
                "C_neck02_JNT",
                "C_neck03_JNT",
                "C_neck04_JNT"
            ]
        },
        "C_neck00_JNT": {
            "joint_matrix": [
                1.0,
                0.0,
                0.0,
                0.0,
                0.0,
                1.0,
                0.0,
                0.0,
                0.0,
                0.0,
                1.0,
                0.0,
                0.0,
                162.63874295161023,
                -1.3717002402884306,
                1.0
            ],
            "parent": "C_guides_GRP",
            "isLocator": false,
            "children": [
                "C_neck01_JNT",
                "C_neck02_JNT",
                "C_neck03_JNT",
                "C_neck04_JNT"
            ]
        },
        "C_spine07_JNT": {
            "joint_matrix": [
                1.0,
                0.0,
                0.0,
                0.0,
                0.0,
                1.0,
                0.0,
                0.0,
                0.0,
                0.0,
                1.0,
                0.0,
                0.0,
                141.90343262335352,
                1.9109226946841007,
                1.0
            ],
            "parent": "C_spine06_JNT",
            "isLocator": false,
            "children": []
        },
        "C_spine06_JNT": {
            "joint_matrix": [
                1.0,
                0.0,
                0.0,
                0.0,
                0.0,
                1.0,
                0.0,
                0.0,
                0.0,
                0.0,
                1.0,
                0.0,
                0.0,
                137.90343262335352,
                1.9109226946841007,
                1.0
            ],
            "parent": "C_spine05_JNT",
            "isLocator": false,
            "children": [
                "C_spine07_JNT"
            ]
        },
        "C_spine05_JNT": {
            "joint_matrix": [
                1.0,
                0.0,
                0.0,
                0.0,
                0.0,
                1.0,
                0.0,
                0.0,
                0.0,
                0.0,
                1.0,
                0.0,
                0.0,
                133.90343262335352,
                1.9109226946841007,
                1.0
            ],
            "parent": "C_spine04_JNT",
            "isLocator": false,
            "children": [
                "C_spine06_JNT",
                "C_spine07_JNT"
            ]
        },
        "C_spine04_JNT": {
            "joint_matrix": [
                1.0,
                0.0,
                0.0,
                0.0,
                0.0,
                1.0,
                0.0,
                0.0,
                0.0,
                0.0,
                1.0,
                0.0,
                0.0,
                129.90343262335352,
                1.9109226946841007,
                1.0
            ],
            "parent": "C_spine03_JNT",
            "isLocator": false,
            "children": [
                "C_spine05_JNT",
                "C_spine06_JNT",
                "C_spine07_JNT"
            ]
        },
        "C_spine03_JNT": {
            "joint_matrix": [
                1.0,
                0.0,
                0.0,
                0.0,
                0.0,
                1.0,
                0.0,
                0.0,
                0.0,
                0.0,
                1.0,
                0.0,
                0.0,
                125.90343262335351,
                1.9109226946841007,
                1.0
            ],
            "parent": "C_spine02_JNT",
            "isLocator": false,
            "children": [
                "C_spine04_JNT",
                "C_spine05_JNT",
                "C_spine06_JNT",
                "C_spine07_JNT"
            ]
        },
        "C_spine02_JNT": {
            "joint_matrix": [
                1.0,
                0.0,
                0.0,
                0.0,
                0.0,
                1.0,
                0.0,
                0.0,
                0.0,
                0.0,
                1.0,
                0.0,
                0.0,
                121.90343262335351,
                1.9109226946841007,
                1.0
            ],
            "parent": "C_spine01_JNT",
            "isLocator": false,
            "children": [
                "C_spine03_JNT",
                "C_spine04_JNT",
                "C_spine05_JNT",
                "C_spine06_JNT",
                "C_spine07_JNT"
            ]
        },
        "C_spine01_JNT": {
            "joint_matrix": [
                1.0,
                0.0,
                0.0,
                0.0,
                0.0,
                1.0,
                0.0,
                0.0,
                0.0,
                0.0,
                1.0,
                0.0,
                0.0,
                117.90343262335351,
                1.9109226946841007,
                1.0
            ],
            "parent": "C_spine00_JNT",
            "isLocator": false,
            "children": [
                "C_spine02_JNT",
                "C_spine03_JNT",
                "C_spine04_JNT",
                "C_spine05_JNT",
                "C_spine06_JNT",
                "C_spine07_JNT"
            ]
        },
        "C_spine00_JNT": {
            "joint_matrix": [
                1.0,
                0.0,
                0.0,
                0.0,
                0.0,
                1.0,
                0.0,
                0.0,
                0.0,
                0.0,
                1.0,
                0.0,
                0.0,
                113.90343262335351,
                1.9109226946841007,
                1.0
            ],
            "parent": "C_guides_GRP",
            "isLocator": false,
            "children": [
                "C_spine01_JNT",
                "C_spine02_JNT",
                "C_spine03_JNT",
                "C_spine04_JNT",
                "C_spine05_JNT",
                "C_spine06_JNT",
                "C_spine07_JNT"
            ]
        },
        "L_tip_JNT": {
            "joint_matrix": [
                0.9998407114852702,
                0.01784745788494653,
                0.00014108038106108722,
                0.0,
                -0.017843286495962184,
                0.9993626169929033,
                0.03091887585470597,
                0.0,
                0.000410832875843134,
                -0.030916468170552314,
                0.9995218873102316,
                0.0,
                13.005787957373192,
                1.5595292431601107,
                17.690225464578866,
                1.0
            ],
            "parent": "L_ball_JNT",
            "isLocator": false,
            "children": []
        },
        "L_ball_JNT": {
            "joint_matrix": [
                0.11125956544013771,
                -0.030374265429317985,
                0.993327092702953,
                0.0,
                0.0033809875749313554,
                0.9995385955527827,
                0.030185508499755542,
                0.0,
                -0.9937856298121289,
                -1.0322263674608911e-15,
                0.11131092479586234,
                0.0,
                11.457308327938964,
                1.9822698056480466,
                3.865375777895154,
                1.0
            ],
            "parent": "L_ankle_JNT",
            "isLocator": false,
            "children": [
                "L_tip_JNT"
            ]
        },
        "L_ankle_JNT": {
            "joint_matrix": [
                0.05502914405613307,
                -0.6969621944378763,
                0.7149933515976139,
                0.0,
                0.0534832129416153,
                0.7171078716095228,
                0.6949070775356241,
                0.0,
                -0.9970513222687643,
                1.0928757898653885e-16,
                0.07673760982796383,
                0.0,
                10.819761398488724,
                10.057011192748398,
                -4.418267802375726,
                1.0
            ],
            "parent": "L_knee_JNT",
            "isLocator": false,
            "children": [
                "L_ball_JNT",
                "L_tip_JNT"
            ]
        },
        "L_knee_JNT": {
            "joint_matrix": [
                0.013199564113371167,
                -0.9933659518445488,
                -0.1142359716691312,
                0.0,
                0.0015178010988452502,
                -0.11422588805964651,
                0.9934536439999652,
                0.0,
                -0.9999117299977239,
                -0.013286542550966812,
                4.150518362160128e-13,
                0.0,
                10.190779949264618,
                57.39257096082741,
                1.025268544494155,
                1.0
            ],
            "parent": "L_hip_JNT",
            "isLocator": false,
            "children": [
                "L_ankle_JNT",
                "L_ball_JNT",
                "L_tip_JNT"
            ]
        },
        "L_hip_JNT": {
            "joint_matrix": [
                0.01784963889452551,
                -0.9998406825046353,
                0.0,
                0.0,
                0.0,
                0.0,
                1.0,
                0.0,
                -0.9998406825046353,
                -0.017849638894525507,
                0.0,
                0.0,
                9.366703850823004,
                103.55287782027347,
                1.0252685444941507,
                1.0
            ],
            "parent": "C_guides_GRP",
            "isLocator": false,
            "children": [
                "L_knee_JNT",
                "L_ankle_JNT",
                "L_ball_JNT",
                "L_tip_JNT"
            ]
        },
        "L_wrist_JNT": {
            "joint_matrix": [
                0.521774877549369,
                -0.5577758195596196,
                0.6454743312269944,
                0.0,
                0.730700871863603,
                0.6826973760803798,
                -0.0007270149480939382,
                0.0,
                -0.4402581208974019,
                0.4720279947286592,
                0.7637816174642654,
                0.0,
                52.82422589549269,
                120.79689844450965,
                15.094795659059734,
                1.0
            ],
            "parent": "L_elbow_JNT",
            "isLocator": false,
            "children": []
        },
        "L_elbow_JNT": {
            "joint_matrix": [
                0.521774877549369,
                -0.5577758195596196,
                0.6454743312269944,
                0.0,
                0.730700871863603,
                0.6826973760803798,
                -0.0007270149480939382,
                0.0,
                -0.4402581208974019,
                0.4720279947286592,
                0.7637816174642654,
                0.0,
                39.06137718003751,
                135.50934350854362,
                -1.9308718320821463,
                1.0
            ],
            "parent": "L_shoulder_JNT",
            "isLocator": false,
            "children": [
                "L_wrist_JNT"
            ]
        },
        "L_shoulder_JNT": {
            "joint_matrix": [
                0.6823357823112296,
                -0.7302783508636839,
                0.0333378229274293,
                0.0,
                0.730700871863603,
                0.6826973760803798,
                -0.0007270149480939382,
                0.0,
                -0.022228720959441024,
                0.024856044592466642,
                0.9994438758688377,
                0.0,
                17.52160130756999,
                158.5625563253149,
                -2.983270449520178,
                1.0
            ],
            "parent": "C_guides_GRP",
            "isLocator": false,
            "children": [
                "L_elbow_JNT",
                "L_wrist_JNT"
            ]
        },
        "L_clavicle_JNT": {
            "joint_matrix": [
                1.0,
                0.0,
                0.0,
                0.0,
                0.0,
                1.0,
                0.0,
                0.0,
                0.0,
                0.0,
                1.0,
                0.0,
                3.22843709575584,
                159.54572230183192,
                -2.9271919544201896,
                1.0
            ],
            "parent": "C_guides_GRP",
            "isLocator": false,
            "children": []
        },
        "R_clavicle_JNT": {
            "joint_matrix": [
                1.0,
                0.0,
                0.0,
                0.0,
                0.0,
                -1.0,
                -1.2246467991473532e-16,
                0.0,
                0.0,
                1.2246467991473532e-16,
                -1.0,
                0.0,
                -3.228,
                159.546,
                -2.927,
                1.0
            ],
            "parent": "C_guides_GRP",
            "isLocator": false,
            "children": []
        },
        "L_thumb03End_JNT": {
            "joint_matrix": [
                1.0000000000000002,
                4.135184308687143e-17,
                1.3877787807814457e-16,
                0.0,
                -4.163336342344337e-17,
                1.0,
                1.304512053934559e-15,
                0.0,
                -1.1102230246251565e-16,
                -1.220856667447376e-15,
                1.0000000000000004,
                0.0,
                50.37925720214843,
                116.39308929443357,
                33.54293060302737,
                1.0
            ],
            "parent": "L_thumb02_JNT",
            "isLocator": false,
            "children": []
        },
        "L_thumb02_JNT": {
            "joint_matrix": [
                -0.21832751323659375,
                -0.1578005967383148,
                0.963032745358618,
                0.0,
                -0.0348893404938764,
                0.9874709978875491,
                0.15389529638969035,
                0.0,
                -0.9752516756631734,
                2.4931288306476093e-16,
                -0.2210976461117862,
                0.0,
                51.22600936889647,
                117.00509643554693,
                29.80794525146484,
                1.0
            ],
            "parent": "L_thumb01_JNT",
            "isLocator": false,
            "children": [
                "L_thumb03End_JNT"
            ]
        },
        "L_thumb01_JNT": {
            "joint_matrix": [
                -0.31598668451414097,
                -0.36360508699086425,
                0.8763240016820987,
                0.0,
                -0.12333634566516828,
                0.9315531872707893,
                0.3420479573445749,
                0.0,
                -0.9407127941341731,
                -3.0113967509860313e-16,
                -0.3392041257889961,
                0.0,
                52.50687789916989,
                118.47898864746088,
                26.25572013854979,
                1.0
            ],
            "parent": "L_thumb00_JNT",
            "isLocator": false,
            "children": [
                "L_thumb02_JNT",
                "L_thumb03End_JNT"
            ]
        },
        "L_thumb00_JNT": {
            "joint_matrix": [
                0.04317723174907051,
                -0.20026377462896797,
                0.9787901446325689,
                0.0,
                0.008825624761342772,
                0.9797420173552617,
                0.20006920746635162,
                0.0,
                -0.999028445543999,
                -5.551115123125784e-17,
                0.04407000106581538,
                0.0,
                52.31538391113281,
                119.36717224121094,
                21.914718627929688,
                1.0
            ],
            "parent": "C_guides_GRP",
            "isLocator": false,
            "children": [
                "L_thumb01_JNT",
                "L_thumb02_JNT",
                "L_thumb03End_JNT"
            ]
        },
        "L_index04End_JNT": {
            "joint_matrix": [
                0.9453947367492821,
                -0.2719127954938159,
                -0.17970037110004644,
                0.0,
                0.23973048474734387,
                0.9536619572888876,
                -0.18181904713954272,
                0.0,
                0.22081233301054481,
                0.12881111313340132,
                0.9667727813316707,
                0.0,
                62.2788571953114,
                109.99943262091904,
                35.28963981610169,
                1.0
            ],
            "parent": "L_index03_JNT",
            "isLocator": false,
            "children": []
        },
        "L_index03_JNT": {
            "joint_matrix": [
                0.502161601496927,
                -0.6039137714866032,
                0.6189684019324965,
                0.0,
                0.6379361840500245,
                0.7419317346129551,
                0.20633643947181213,
                0.0,
                -0.5838417174729253,
                0.2912481034840195,
                0.7578280749320566,
                0.0,
                60.67386010731256,
                111.9296475990237,
                33.31130758260652,
                1.0
            ],
            "parent": "L_index02_JNT",
            "isLocator": false,
            "children": [
                "L_index04End_JNT"
            ]
        },
        "L_index02_JNT": {
            "joint_matrix": [
                0.4528800614379181,
                -0.5856912833081973,
                0.6722093205310267,
                0.0,
                0.6082945059009397,
                0.7541989926103612,
                0.24730886283400388,
                0.0,
                -0.6518262376145345,
                0.2968999835000218,
                0.6978344759002434,
                0.0,
                59.25544738769533,
                113.76402282714844,
                31.20595932006836,
                1.0
            ],
            "parent": "L_index01_JNT",
            "isLocator": false,
            "children": [
                "L_index03_JNT",
                "L_index04End_JNT"
            ]
        },
        "L_index01_JNT": {
            "joint_matrix": [
                0.4313141590355647,
                -0.5561172810931624,
                0.7104235820163857,
                0.0,
                0.5770539457728566,
                0.7753490078653377,
                0.2565982456491346,
                0.0,
                -0.6935249381842162,
                0.2992782746404842,
                0.6553286766537797,
                0.0,
                57.534614562988295,
                115.98278808593753,
                28.37155151367185,
                1.0
            ],
            "parent": "L_index00_JNT",
            "isLocator": false,
            "children": [
                "L_index02_JNT",
                "L_index03_JNT",
                "L_index04End_JNT"
            ]
        },
        "L_index00_JNT": {
            "joint_matrix": [
                0.4313141590355647,
                -0.5561172810931624,
                0.7104235820163857,
                0.0,
                0.5770539457728566,
                0.7753490078653377,
                0.2565982456491346,
                0.0,
                -0.6935249381842162,
                0.2992782746404842,
                0.6553286766537797,
                0.0,
                54.33184130114407,
                120.11230139085039,
                23.096218892657564,
                1.0
            ],
            "parent": "C_guides_GRP",
            "isLocator": false,
            "children": [
                "L_index01_JNT",
                "L_index02_JNT",
                "L_index03_JNT",
                "L_index04End_JNT"
            ]
        },
        "L_middle04End_JNT": {
            "joint_matrix": [
                0.9301830314419913,
                -0.30730838515652,
                -0.20080110664505707,
                0.0,
                0.2598439262042673,
                0.937570217092452,
                -0.23117790127078267,
                0.0,
                0.25930804467300833,
                0.16286081306964056,
                0.9519641240793462,
                0.0,
                64.66645397222152,
                108.7876568724259,
                34.10933414736851,
                1.0
            ],
            "parent": "L_middle03_JNT",
            "isLocator": false,
            "children": []
        },
        "L_middle03_JNT": {
            "joint_matrix": [
                0.5046199204991703,
                -0.527351640007775,
                0.6835634452020684,
                0.0,
                0.6127797668673225,
                0.7765183074690942,
                0.14669790551798334,
                0.0,
                -0.6081609105766673,
                0.34484716317006764,
                0.7149970216022692,
                0.0,
                62.85121858223567,
                110.68466355215067,
                31.650397219543763,
                1.0
            ],
            "parent": "L_middle02_JNT",
            "isLocator": false,
            "children": [
                "L_middle04End_JNT"
            ]
        },
        "L_middle02_JNT": {
            "joint_matrix": [
                0.4547586017542429,
                -0.5869072295485166,
                0.6698764946124105,
                0.0,
                0.6506419299254275,
                0.7325437447396856,
                0.20011182140411768,
                0.0,
                -0.6081609105766673,
                0.34484716317006764,
                0.7149970216022692,
                0.0,
                61.41269683837887,
                112.54120635986327,
                29.53140068054197,
                1.0
            ],
            "parent": "L_middle01_JNT",
            "isLocator": false,
            "children": [
                "L_middle03_JNT",
                "L_middle04End_JNT"
            ]
        },
        "L_middle01_JNT": {
            "joint_matrix": [
                0.4576980573363838,
                -0.5835865096152991,
                0.6707751293134927,
                0.0,
                0.6485775166909961,
                0.7351919612241344,
                0.1970786264269964,
                0.0,
                -0.6081609105766673,
                0.34484716317006764,
                0.7149970216022692,
                0.0,
                59.50394791030314,
                114.9749508488616,
                26.734051448805946,
                1.0
            ],
            "parent": "L_middle00_JNT",
            "isLocator": false,
            "children": [
                "L_middle02_JNT",
                "L_middle03_JNT",
                "L_middle04End_JNT"
            ]
        },
        "L_middle00_JNT": {
            "joint_matrix": [
                0.4576980573363838,
                -0.5835865096152991,
                0.6707751293134927,
                0.0,
                0.6249458743794748,
                0.7477917321604362,
                0.224165517884817,
                0.0,
                -0.6324200679979834,
                0.31659802764314077,
                0.70697280462964,
                0.0,
                56.16318556597525,
                119.23457966906369,
                21.838028278938637,
                1.0
            ],
            "parent": "C_guides_GRP",
            "isLocator": false,
            "children": [
                "L_middle01_JNT",
                "L_middle02_JNT",
                "L_middle03_JNT",
                "L_middle04End_JNT"
            ]
        },
        "L_pinky04End_JNT": {
            "joint_matrix": [
                0.7452212350824159,
                -0.5546587961010992,
                -0.3701336659774654,
                0.0,
                0.35087068387771236,
                0.7981888911483135,
                -0.4896777075205816,
                0.0,
                0.567040628154125,
                0.23504917348313575,
                0.7894408223973914,
                0.0,
                64.92028626058415,
                108.44069302060355,
                27.328624388372198,
                1.0
            ],
            "parent": "L_pinky03_JNT",
            "isLocator": false,
            "children": []
        },
        "L_pinky03_JNT": {
            "joint_matrix": [
                0.46474319157474425,
                -0.6340530906958249,
                0.6180537549954638,
                0.0,
                0.8524555141393867,
                0.5091541038939894,
                -0.11866631746735243,
                0.0,
                -0.23944386043136404,
                0.5820126945926358,
                0.7771279566678482,
                0.0,
                63.83100501105457,
                109.92680869786814,
                25.88000851035004,
                1.0
            ],
            "parent": "L_pinky02_JNT",
            "isLocator": false,
            "children": [
                "L_pinky04End_JNT"
            ]
        },
        "L_pinky02_JNT": {
            "joint_matrix": [
                0.4738200842898612,
                -0.5889401467099123,
                0.6547091196224899,
                0.0,
                0.8280076383615174,
                0.551078273430283,
                -0.10351853635016761,
                0.0,
                -0.2998297492553594,
                0.5911533135713655,
                0.7487588939806079,
                0.0,
                62.62154388427736,
                111.43012237548834,
                24.208814620971694,
                1.0
            ],
            "parent": "L_pinky01_JNT",
            "isLocator": false,
            "children": [
                "L_pinky03_JNT",
                "L_pinky04End_JNT"
            ]
        },
        "L_pinky01_JNT": {
            "joint_matrix": [
                0.4860209476608707,
                -0.628493782273401,
                0.6072719358561732,
                0.0,
                0.8438152486748444,
                0.5183554695897996,
                -0.1388648020563485,
                0.0,
                -0.22750706481039176,
                0.5799165222598965,
                0.7822642537348534,
                0.0,
                61.39281463623051,
                113.01904296875001,
                22.673545837402386,
                1.0
            ],
            "parent": "L_pinky00_JNT",
            "isLocator": false,
            "children": [
                "L_pinky02_JNT",
                "L_pinky03_JNT",
                "L_pinky04End_JNT"
            ]
        },
        "L_pinky00_JNT": {
            "joint_matrix": [
                0.4860209476608707,
                -0.628493782273401,
                0.6072719358561732,
                0.0,
                0.8438152486748444,
                0.5183554695897996,
                -0.1388648020563485,
                0.0,
                -0.22750706481039176,
                0.5799165222598965,
                0.7822642537348534,
                0.0,
                58.255122010984486,
                117.07652303240401,
                18.75307145491892,
                1.0
            ],
            "parent": "C_guides_GRP",
            "isLocator": false,
