{
    "vitorio": {
        "R_eyebrow06_JNT": {
            "joint_matrix": [
                1.0,
                0.0,
                0.0,
                0.0,
                0.0,
                1.0,
                0.0,
                0.0,
                0.0,
                0.0,
                1.0,
                0.0,
                -6.9881,
                164.541,
                5.30444,
                1.0
            ],
            "parent": "R_eyebrowMain_JNT",
            "isLocator": false,
            "children": []
        },
        "R_eyebrow05_JNT": {
            "joint_matrix": [
                1.0,
                0.0,
                0.0,
                0.0,
                0.0,
                1.0,
                0.0,
                0.0,
                0.0,
                0.0,
                1.0,
                0.0,
                -6.37917,
                165.074,
                6.24467,
                1.0
            ],
            "parent": "R_eyebrowMain_JNT",
            "isLocator": false,
            "children": []
        },
        "R_eyebrow04_JNT": {
            "joint_matrix": [
                1.0,
                0.0,
                0.0,
                0.0,
                0.0,
                1.0,
                0.0,
                0.0,
                0.0,
                0.0,
                1.0,
                0.0,
                -5.35797,
                165.54,
                7.14578,
                1.0
            ],
            "parent": "R_eyebrowMain_JNT",
            "isLocator": false,
            "children": []
        },
        "R_eyebrow03_JNT": {
            "joint_matrix": [
                1.0,
                0.0,
                0.0,
                0.0,
                0.0,
                1.0,
                0.0,
                0.0,
                0.0,
                0.0,
                1.0,
                0.0,
                -4.24306,
                165.51,
                7.78562,
                1.0
            ],
            "parent": "R_eyebrowMain_JNT",
            "isLocator": false,
            "children": []
        },
        "R_eyebrow02_JNT": {
            "joint_matrix": [
                1.0,
                0.0,
                0.0,
                0.0,
                0.0,
                1.0,
                0.0,
                0.0,
                0.0,
                0.0,
                1.0,
                0.0,
                -3.13719,
                165.425,
                8.22001,
                1.0
            ],
            "parent": "R_eyebrowMain_JNT",
            "isLocator": false,
            "children": []
        },
        "R_eyebrow01_JNT": {
            "joint_matrix": [
                1.0,
                0.0,
                0.0,
                0.0,
                0.0,
                1.0,
                0.0,
                0.0,
                0.0,
                0.0,
                1.0,
                0.0,
                -2.09359,
                165.328,
                8.46741,
                1.0
            ],
            "parent": "R_eyebrowMain_JNT",
            "isLocator": false,
            "children": []
        },
        "R_eyebrow00_JNT": {
            "joint_matrix": [
                1.0,
                0.0,
                0.0,
                0.0,
                0.0,
                1.0,
                0.0,
                0.0,
                0.0,
                0.0,
                1.0,
                0.0,
                -1.17624,
                165.25,
                8.61562,
                1.0
            ],
            "parent": "R_eyebrowMain_JNT",
            "isLocator": false,
            "children": []
        },
        "R_eyebrowMain_JNT": {
            "joint_matrix": [
                1.0,
                0.0,
                0.0,
                0.0,
                0.0,
                1.0,
                0.0,
                0.0,
                0.0,
                0.0,
                1.0,
                0.0,
                -4.24306,
                165.51,
                7.78562,
                1.0
            ],
            "parent": "C_guides_GRP",
            "isLocator": false,
            "children": [
                "R_eyebrow00_JNT",
                "R_eyebrow01_JNT",
                "R_eyebrow02_JNT",
                "R_eyebrow03_JNT",
                "R_eyebrow04_JNT",
                "R_eyebrow05_JNT",
                "R_eyebrow06_JNT"
            ]
        },
        "R_clavicle_JNT": {
            "joint_matrix": [
                1.0,
                0.0,
                0.0,
                0.0,
                0.0,
                -1.0,
                -1.2246467991473532e-16,
                0.0,
                0.0,
                1.2246467991473532e-16,
                -1.0,
                0.0,
                -6.46415,
                133.207,
                -6.40683,
                1.0
            ],
            "parent": "C_guides_GRP",
            "isLocator": false,
            "children": []
        },
        "R_wrist_JNT": {
            "joint_matrix": [
                0.5102677384301381,
                0.8589265965301022,
                -0.043265885991246006,
                0.0,
                0.8577794724102353,
                -0.511922030007094,
                -0.0463703774519299,
                0.0,
                -0.06197751067129648,
                -0.013451281226384252,
                -0.9979868993149951,
                0.0,
                -66.11129999999997,
                73.62839999999986,
                -6.026639999999993,
                1.0
            ],
            "parent": "R_elbow_JNT",
            "isLocator": false,
            "children": []
        },
        "R_elbow_JNT": {
            "joint_matrix": [
                0.5102677384301381,
                0.8589265965301022,
                -0.043265885991246006,
                0.0,
                0.8577794748536836,
                -0.51192202947678,
                -0.046370338106528894,
                0.0,
                -0.0619774768535406,
                -0.013451301408790993,
                -0.9979869011431356,
                0.0,
                -51.6254999999999,
                98.01219999999986,
                -7.254900000000025,
                1.0
            ],
            "parent": "R_shoulder_JNT",
            "isLocator": false,
            "children": [
                "R_wrist_JNT"
            ]
        },
        "R_shoulder_JNT": {
            "joint_matrix": [
                0.513187655604459,
                0.8580273612434918,
                0.020675528837972416,
                0.0,
                0.8577794764532952,
                -0.5119220291296076,
                -0.046370312348917836,
                0.0,
                -0.029202738068715914,
                0.04153171618601863,
                -0.9987103266913455,
                0.0,
                -30.5753,
                133.207,
                -6.40683,
                1.0
            ],
            "parent": "C_guides_GRP",
            "isLocator": false,
            "children": [
                "R_elbow_JNT",
                "R_wrist_JNT"
            ]
        },
        "R_pinky03End_JNT": {
            "joint_matrix": [
                0.45947533959306225,
                0.8865726181032153,
                0.053585493703527484,
                0.0,
                0.8420422656769165,
                -0.4540025874243328,
                0.2912841798410891,
                0.0,
                0.28257253072357386,
                -0.08871664692503657,
                -0.9551346090676716,
                0.0,
                -76.4715,
                53.4392,
                -12.76809999999999,
                1.0
            ],
            "parent": "R_pinky03_JNT",
            "isLocator": false,
            "children": []
        },
        "R_pinky03_JNT": {
            "joint_matrix": [
                0.45947533959306225,
                0.8865726181032153,
                0.053585493703527484,
                0.0,
                0.8420422330612881,
                -0.4540025771843086,
                0.2912842900864467,
                0.0,
                0.2825726279153724,
                -0.08871669932778425,
                -0.9551345754465097,
                0.0,
                -74.66129999999987,
                56.93200000000001,
                -12.556999999999967,
                1.0
            ],
            "parent": "R_pinky02_JNT",
            "isLocator": false,
            "children": [
                "R_pinky03End_JNT"
            ]
        },
        "R_pinky02_JNT": {
            "joint_matrix": [
                0.45630242060693094,
                0.8875049630339877,
                0.06421091447951738,
                0.0,
                0.8420422167540452,
                -0.4540025720644749,
                0.29128434520717883,
                0.0,
                0.28766822235378936,
                -0.07884545103480332,
                -0.9544791190481484,
                0.0,
                -73.49470000000001,
                59.20099999999999,
                -12.392799999999983,
                1.0
            ],
            "parent": "R_pinky01_JNT",
            "isLocator": false,
            "children": [
                "R_pinky03_JNT",
                "R_pinky03End_JNT"
            ]
        },
        "R_pinky01_JNT": {
            "joint_matrix": [
                0.45953893772945587,
                0.8865526245957542,
                0.053370483723338524,
                0.0,
                0.8420422071693275,
                -0.45400256943745065,
                0.2912843770091355,
                0.0,
                0.2824692656837035,
                -0.08891631327586981,
                -0.9551465872720988,
                0.0,
                -71.96900000000002,
                62.14430000000006,
                -12.21559999999999,
                1.0
            ],
            "parent": "R_pinky00_JNT",
            "isLocator": false,
            "children": [
                "R_pinky02_JNT",
                "R_pinky03_JNT",
                "R_pinky03End_JNT"
            ]
        },
        "R_pinky00_JNT": {
            "joint_matrix": [
                0.4501229150015009,
                0.8889726588597427,
                0.08436215496531131,
                0.0,
                0.8420422012167327,
                -0.4540025675636794,
                0.29128439713734483,
                0.0,
                0.297244499966999,
                -0.060077287267538665,
                -0.9529094536176785,
                0.0,
                -69.4098,
                67.1987,
                -11.736,
                1.0
            ],
            "parent": "C_guides_GRP",
            "isLocator": false,
            "children": [
                "R_pinky01_JNT",
                "R_pinky02_JNT",
                "R_pinky03_JNT",
                "R_pinky03End_JNT"
            ]
        },
        "R_ring04End_JNT": {
            "joint_matrix": [
                0.4827121586834089,
                0.8757676207246291,
                0.0044773149906329555,
                0.0,
                0.8651462933526031,
                -0.47763957443402644,
                0.15291281186589212,
                0.0,
                0.1360546322528382,
                -0.06993934103781661,
                -0.9882295409558148,
                0.0,
                -78.40309999999984,
                50.65369999999997,
                -8.975529999999994,
                1.0
            ],
            "parent": "R_ring03_JNT",
            "isLocator": false,
            "children": []
        },
        "R_ring03_JNT": {
            "joint_matrix": [
                0.4827121586834089,
                0.8757676207246291,
                0.0044773149906329555,
                0.0,
                0.8651462933526031,
                -0.47763957443402644,
                0.15291281186589212,
                0.0,
                0.1360546322528382,
                -0.06993934103781661,
                -0.9882295409558148,
                0.0,
                -76.90780000000012,
                53.36669999999997,
                -8.961660000000027,
                1.0
            ],
            "parent": "R_ring02_JNT",
            "isLocator": false,
            "children": [
                "R_ring04End_JNT"
            ]
        },
        "R_ring02_JNT": {
            "joint_matrix": [
                0.40533439941922456,
                0.9141252575672871,
                -0.00889033885728139,
                0.0,
                0.9039873681031176,
                -0.3993538556878307,
                0.152719796546688,
                0.0,
                0.1360546322528382,
                -0.06993934103781661,
                -0.9882295409558148,
                0.0,
                -75.46140000000001,
                56.628700000000045,
                -8.993379999999997,
                1.0
            ],
            "parent": "R_ring01_JNT",
            "isLocator": false,
            "children": [
                "R_ring03_JNT",
                "R_ring04End_JNT"
            ]
        },
        "R_ring01_JNT": {
            "joint_matrix": [
                0.43848754685412805,
                0.8987314371969145,
                -0.0032365178536770114,
                0.0,
                0.8883793155496101,
                -0.43288600389613463,
                0.15294410526215743,
                0.0,
                0.1360546322528382,
                -0.06993934103781661,
                -0.9882295409558148,
                0.0,
                -72.81090000000002,
                62.06099999999997,
                -9.012950000000014,
                1.0
            ],
            "parent": "R_ring00_JNT",
            "isLocator": false,
            "children": [
                "R_ring02_JNT",
                "R_ring03_JNT",
                "R_ring04End_JNT"
            ]
        },
        "R_ring00_JNT": {
            "joint_matrix": [
                0.43848754685412805,
                0.8987314371969145,
                -0.0032365178536770114,
                0.0,
                0.8883793155496101,
                -0.43288600389613463,
                0.15294410526215743,
                0.0,
                0.1360546322528382,
                -0.06993934103781661,
                -0.9882295409558148,
                0.0,
                -70.3269,
                67.1524,
                -9.03128,
                1.0
            ],
            "parent": "C_guides_GRP",
            "isLocator": false,
            "children": [
                "R_ring01_JNT",
                "R_ring02_JNT",
                "R_ring03_JNT",
                "R_ring04End_JNT"
            ]
        },
        "R_middle04End_JNT": {
            "joint_matrix": [
                0.40301496965598277,
                0.9151798182558584,
                0.004983421551621496,
                0.0,
                0.9137736978730638,
                -0.4026870100588856,
                0.053486456278404045,
                0.0,
                0.05095648446050522,
                -0.017002123014761575,
                -0.9985561398861944,
                0.0,
                -79.1309,
                49.62590000000001,
                -5.426070000000001,
                1.0
            ],
            "parent": "R_middle03_JNT",
            "isLocator": false,
            "children": []
        },
        "R_middle03_JNT": {
            "joint_matrix": [
                0.40301496965598277,
                0.9151798182558584,
                0.004983421551621496,
                0.0,
                0.9137736928939256,
                -0.4026870083975476,
                0.053486553850767685,
                0.0,
                0.05095657374848409,
                -0.01700216236269789,
                -0.9985561346598436,
                0.0,
                -77.1851,
                54.04469999999999,
                -5.402009999999993,
                1.0
            ],
            "parent": "R_middle02_JNT",
            "isLocator": false,
            "children": [
                "R_middle04End_JNT"
            ]
        },
        "R_middle02_JNT": {
            "joint_matrix": [
                0.3824116872479301,
                0.9239843056244187,
                0.0037821179188217984,
                0.0,
                0.92258589000996,
                -0.3820522591976133,
                0.05358494934708357,
                0.0,
                0.05095661890982232,
                -0.017002182264654286,
                -0.9985561320163823,
                0.0,
                -75.89010000000013,
                57.19430000000001,
                -5.381890000000012,
                1.0
            ],
            "parent": "R_middle01_JNT",
            "isLocator": false,
            "children": [
                "R_middle03_JNT",
                "R_middle04End_JNT"
            ]
        },
        "R_middle01_JNT": {
            "joint_matrix": [
                0.41552985706347545,
                0.9095615677625363,
                0.005717721413702629,
                0.0,
                0.9081510661201124,
                -0.41522124219938833,
                0.05341311759577529,
                0.0,
                0.050956638367445746,
                -0.017002190322255285,
                -0.9985561308862588,
                0.0,
                -73.68360000000004,
                62.025200000000034,
                -5.336329999999995,
                1.0
            ],
            "parent": "R_middle00_JNT",
            "isLocator": false,
            "children": [
                "R_middle02_JNT",
                "R_middle03_JNT",
                "R_middle04End_JNT"
            ]
        },
        "R_middle00_JNT": {
            "joint_matrix": [
                0.4007245318622664,
                0.9161857523269082,
                0.004849412020496847,
                0.0,
                0.9147804480755545,
                -0.40039304738345405,
                0.053498966585150104,
                0.0,
                0.05095666180643256,
                -0.01700220103893623,
                -0.998556129507689,
                0.0,
                -71.4695,
                67.0874,
                -5.30954,
                1.0
            ],
            "parent": "C_guides_GRP",
            "isLocator": false,
            "children": [
                "R_middle01_JNT",
                "R_middle02_JNT",
                "R_middle03_JNT",
                "R_middle04End_JNT"
            ]
        },
        "R_index04End_JNT": {
            "joint_matrix": [
                0.4440746562432355,
                0.8956848043509195,
                -0.023375862279443764,
                0.0,
                0.8956365862302941,
                -0.4430160219428938,
                0.03964731652506821,
                0.0,
                0.02515561742827057,
                -0.038542645948986924,
                -0.9989402681617425,
                0.0,
                -78.29309999999997,
                50.659400000000026,
                -1.3569200000000035,
                1.0
            ],
            "parent": "R_index03_JNT",
            "isLocator": false,
            "children": []
        },
        "R_index03_JNT": {
            "joint_matrix": [
                0.4440746562432355,
                0.8956848043509195,
                -0.023375862279443764,
                0.0,
                0.8956365862302941,
                -0.4430160219428938,
                0.03964731652506821,
                0.0,
                0.02515561742827057,
                -0.038542645948986924,
                -0.9989402681617425,
                0.0,
                -76.71990000000022,
                53.83249999999998,
                -1.4397300000000075,
                1.0
            ],
            "parent": "R_index02_JNT",
            "isLocator": false,
            "children": [
                "R_index04End_JNT"
            ]
        },
        "R_index02_JNT": {
            "joint_matrix": [
                0.4440746562432355,
                0.8956848043509195,
                -0.023375862279443764,
                0.0,
                0.8956365862302941,
                -0.4430160219428938,
                0.03964731652506821,
                0.0,
                0.02515561742827057,
                -0.038542645948986924,
                -0.9989402681617425,
                0.0,
                -75.34739999999996,
                56.595499999999994,
                -1.5066600000000046,
                1.0
            ],
            "parent": "R_index01_JNT",
            "isLocator": false,
            "children": [
                "R_index03_JNT",
                "R_index04End_JNT"
            ]
        },
        "R_index01_JNT": {
            "joint_matrix": [
                0.4440746562432355,
                0.8956848043509195,
                -0.023375862279443764,
                0.0,
                0.8956365862302941,
                -0.4430160219428938,
                0.03964731652506821,
                0.0,
                0.02515561742827057,
                -0.038542645948986924,
                -0.9989402681617425,
                0.0,
                -73.00979999999997,
                61.419999999999995,
                -1.6174700000000073,
                1.0
            ],
            "parent": "R_index00_JNT",
            "isLocator": false,
            "children": [
                "R_index02_JNT",
                "R_index03_JNT",
                "R_index04End_JNT"
            ]
        },
        "R_index00_JNT": {
            "joint_matrix": [
                0.4440746562432355,
                0.8956848043509195,
                -0.023375862279443764,
                0.0,
                0.8956365862302941,
                -0.4430160219428938,
                0.03964731652506821,
                0.0,
                0.02515561742827057,
                -0.038542645948986924,
                -0.9989402681617425,
                0.0,
                -70.2133,
                67.0605,
                -1.76467,
                1.0
            ],
            "parent": "C_guides_GRP",
            "isLocator": false,
            "children": [
                "R_index01_JNT",
                "R_index02_JNT",
                "R_index03_JNT",
                "R_index04End_JNT"
            ]
        },
        "R_thumb03End_JNT": {
            "joint_matrix": [
                0.09998297489670625,
                0.9544953513903401,
                -0.2809662415754529,
                0.0,
                -0.09267918709603479,
                -0.27221956182419305,
                -0.9577614935042348,
                0.0,
                -0.9906634004595216,
                0.12179956623270699,
                0.06124453163754008,
                0.0,
                -64.06950000000012,
                57.26370000000005,
                5.438619999999985,
                1.0
            ],
            "parent": "R_thumb02_JNT",
            "isLocator": false,
            "children": []
        },
        "R_thumb02_JNT": {
            "joint_matrix": [
                -0.032648441087967855,
                0.8647759957178369,
                -0.5010953567184084,
                0.0,
                0.018904705399859084,
                -0.5007386230744476,
                -0.8653920750014128,
                0.0,
                -0.9992880922978468,
                -0.03772676227467664,
                6.661338147750939e-16,
                0.0,
                -64.25209999999998,
                62.100599999999964,
                2.635869999999975,
                1.0
            ],
            "parent": "R_thumb01_JNT",
            "isLocator": false,
            "children": [
                "R_thumb03End_JNT"
            ]
        },
        "R_thumb01_JNT": {
            "joint_matrix": [
                -0.03626222339932073,
                0.9604961003374597,
                -0.27592080818718695,
                0.0,
                0.01040959873711397,
                -0.27572437803865435,
                -0.9611803720474787,
                0.0,
                -0.9992880922978468,
                -0.03772676227467664,
                6.661338147750939e-16,
                0.0,
                -64.3928,
                65.82879999999986,
                1.564870000000003,
                1.0
            ],
            "parent": "R_thumb00_JNT",
            "isLocator": false,
            "children": [
                "R_thumb02_JNT",
                "R_thumb03End_JNT"
            ]
        },
        "R_thumb00_JNT": {
            "joint_matrix": [
                -0.031812102180722945,
                0.8426234583479331,
                -0.5375627382888554,
                0.0,
                0.020280501635147274,
                -0.5371800432350771,
                -0.84322375583435,
                0.0,
                -0.9992880922978468,
                -0.03772676227467664,
                6.661338147750939e-16,
                0.0,
                -64.5473,
                69.9209,
                -1.04576,
                1.0
            ],
            "parent": "C_guides_GRP",
            "isLocator": false,
            "children": [
                "R_thumb01_JNT",
                "R_thumb02_JNT",
                "R_thumb03End_JNT"
            ]
        },
        "L_pinky03End_JNT": {
            "joint_matrix": [
                0.45947533990127143,
                -0.8865726179370383,
                -0.053585493810147045,
                0.0,
                0.842042201216732,
                0.4540025675636794,
                -0.2912843971373459,
                0.0,
                0.2825727223082431,
                0.0887167502214371,
                0.9551345427935563,
                0.0,
                76.47147587803116,
                53.4391520054287,
                -12.768074022981903,
                1.0
            ],
            "parent": "L_pinky03_JNT",
            "isLocator": false,
            "children": []
        },
        "L_pinky03_JNT": {
            "joint_matrix": [
                0.45947533990127143,
                -0.8865726179370383,
                -0.053585493810147045,
                0.0,
                0.842042201216732,
                0.4540025675636794,
                -0.2912843971373459,
                0.0,
                0.2825727223082431,
                0.0887167502214371,
                0.9551345427935563,
                0.0,
                74.66126146607755,
                56.932019610854354,
                -12.556960988738066,
                1.0
            ],
            "parent": "L_pinky02_JNT",
            "isLocator": false,
            "children": [
                "L_pinky03End_JNT"
            ]
        },
        "L_pinky02_JNT": {
            "joint_matrix": [
                0.4563024204054731,
                -0.8875049631426071,
                -0.06421091440983001,
                0.0,
                0.842042201216732,
                0.4540025675636794,
                -0.2912843971373459,
                0.0,
                0.28766826815307117,
                0.07884547572832751,
                0.954479103204982,
                0.0,
                73.4946862537083,
                59.201000106602116,
                -12.392800428406357,
                1.0
            ],
            "parent": "L_pinky01_JNT",
            "isLocator": false,
            "children": [
                "L_pinky03_JNT",
                "L_pinky03End_JNT"
            ]
        },
        "L_pinky01_JNT": {
            "joint_matrix": [
                0.45953893772945664,
                -0.8865526245957537,
                -0.053370483723336415,
                0.0,
                0.842042201216732,
                0.4540025675636794,
                -0.2912843971373459,
                0.0,
                0.2824692834284162,
                0.08891632284326112,
                0.955146581133739,
                0.0,
                71.96904057779945,
                62.144309299059316,
                -12.21561316522516,
                1.0
            ],
            "parent": "L_pinky00_JNT",
            "isLocator": false,
            "children": [
                "L_pinky02_JNT",
                "L_pinky03_JNT",
                "L_pinky03End_JNT"
            ]
        },
        "L_pinky00_JNT": {
            "joint_matrix": [
                0.45012291500150103,
                -0.8889726588597425,
                -0.08436215496531131,
                0.0,
                0.842042201216732,
                0.4540025675636794,
                -0.2912843971373459,
                0.0,
                0.2972444999669999,
                0.06007728726753919,
                0.9529094536176781,
                0.0,
                69.40981158254486,
                67.19867229879428,
                -11.73596179797399,
                1.0
            ],
            "parent": "C_guides_GRP",
            "isLocator": false,
            "children": [
                "L_pinky01_JNT",
                "L_pinky02_JNT",
                "L_pinky03_JNT",
                "L_pinky03End_JNT"
            ]
        },
        "L_index04End_JNT": {
            "joint_matrix": [
                0.4440746562432355,
                -0.8956848043509195,
                0.023375862279443792,
                0.0,
                0.8956365862302941,
                0.4430160219428936,
                -0.03964731652506788,
                0.0,
                0.025155617428270258,
                0.0385426459489868,
                0.9989402681617423,
                0.0,
                78.29310078094218,
                50.65943395840024,
                -1.356920528021158,
                1.0
            ],
            "parent": "L_index03_JNT",
            "isLocator": false,
            "children": []
        },
        "L_index03_JNT": {
            "joint_matrix": [
                0.4440746562432355,
                -0.8956848043509195,
                0.023375862279443792,
                0.0,
                0.8956365862302941,
                0.4430160219428936,
                -0.03964731652506788,
                0.0,
                0.025155617428270258,
                0.0385426459489868,
                0.9989402681617423,
                0.0,
                76.71991020118494,
                53.832510549974316,
                -1.4397324737485584,
                1.0
            ],
            "parent": "L_index02_JNT",
            "isLocator": false,
            "children": [
                "L_index04End_JNT"
            ]
        },
        "L_index02_JNT": {
            "joint_matrix": [
                0.4440746562432355,
                -0.8956848043509195,
                0.023375862279443792,
                0.0,
                0.8956365862302941,
                0.4430160219428936,
                -0.03964731652506788,
                0.0,
                0.025155617428270258,
                0.0385426459489868,
                0.9989402681617423,
                0.0,
                75.34743299923404,
                56.59548392498959,
                -1.506661391173267,
                1.0
            ],
            "parent": "L_index01_JNT",
            "isLocator": false,
            "children": [
                "L_index03_JNT",
                "L_index04End_JNT"
            ]
        },
        "L_index01_JNT": {
            "joint_matrix": [
                0.4440746562432355,
                -0.8956848043509195,
                0.023375862279443792,
                0.0,
                0.8956365862302941,
                0.4430160219428936,
                -0.03964731652506788,
                0.0,
                0.025155617428270258,
                0.0385426459489868,
                0.9989402681617423,
                0.0,
                73.00977772519504,
                61.4199686078732,
                -1.6174664276700819,
                1.0
            ],
            "parent": "L_index00_JNT",
            "isLocator": false,
            "children": [
                "L_index02_JNT",
                "L_index03_JNT",
                "L_index04End_JNT"
            ]
        },
        "L_index00_JNT": {
            "joint_matrix": [
                0.4440746562432355,
                -0.8956848043509195,
                0.023375862279443792,
                0.0,
                0.8956365862302941,
                0.4430160219428936,
                -0.03964731652506788,
                0.0,
                0.025155617428270258,
                0.0385426459489868,
                0.9989402681617423,
                0.0,
                70.21326140039785,
                67.06045527385449,
                -1.7646736135601753,
                1.0
            ],
            "parent": "C_guides_GRP",
            "isLocator": false,
            "children": [
                "L_index01_JNT",
                "L_index02_JNT",
                "L_index03_JNT",
                "L_index04End_JNT"
            ]
        },
        "L_thumb03End_JNT": {
            "joint_matrix": [
                0.09998297489670613,
                -0.9544953513903401,
                0.28096624157545297,
                0.0,
                -0.09267918709603654,
                0.2722195618241929,
                0.9577614935042348,
                0.0,
                -0.9906634004595217,
                -0.12179956623270732,
                -0.06124453163754189,
                0.0,
                64.0694800612124,
                57.26365207044203,
                5.438620176318247,
                1.0
            ],
            "parent": "L_thumb02_JNT",
            "isLocator": false,
            "children": []
        },
        "L_thumb02_JNT": {
            "joint_matrix": [
                -0.03264844108796787,
                -0.8647759957178371,
                0.5010953567184084,
                0.0,
                0.018904705399859424,
                0.5007386230744475,
                0.8653920750014129,
                0.0,
                -0.9992880922978469,
                0.03772676227467681,
                -4.440892098500626e-16,
                0.0,
                64.25209078342209,
                62.100555881629916,
                2.635871195447347,
                1.0
            ],
            "parent": "L_thumb01_JNT",
            "isLocator": false,
            "children": [
                "L_thumb03End_JNT"
            ]
        },
        "L_thumb01_JNT": {
            "joint_matrix": [
                -0.03626222339932083,
                -0.9604961003374598,
                0.27592080818718684,
                0.0,
                0.01040959873711429,
                0.275724378038654,
                0.9611803720474789,
                0.0,
                -0.9992880922978469,
                0.03772676227467681,
                -4.440892098500626e-16,
                0.0,
                64.39284483237658,
                65.82878053125368,
                1.5648676192056818,
                1.0
            ],
            "parent": "L_thumb00_JNT",
            "isLocator": false,
            "children": [
                "L_thumb02_JNT",
                "L_thumb03End_JNT"
            ]
        },
        "L_thumb00_JNT": {
            "joint_matrix": [
                -0.031812102180722945,
                -0.8426234583479332,
                0.5375627382888554,
                0.0,
                0.02028050163514761,
                0.5371800432350768,
                0.8432237558343503,
                0.0,
                -0.9992880922978469,
                0.03772676227467681,
                -4.440892098500626e-16,
                0.0,
                64.54733763667824,
                69.9209106366734,
                -1.0457607025082436,
                1.0
            ],
            "parent": "C_guides_GRP",
            "isLocator": false,
            "children": [
                "L_thumb01_JNT",
                "L_thumb02_JNT",
                "L_thumb03End_JNT"
            ]
        },
        "L_middle04End_JNT": {
            "joint_matrix": [
                0.40301496964994005,
                -0.9151798182578743,
                -0.004983421670084382,
                0.0,
                0.9137736879860366,
                0.4026870067599843,
                -0.053486650026728394,
                0.0,
                0.05095666180643295,
                0.017002201038936383,
                0.9985561295076889,
                0.0,
                79.13094787924405,
                49.625929562689244,
                -5.426067953077244,
                1.0
            ],
            "parent": "L_middle03_JNT",
            "isLocator": false,
            "children": []
        },
        "L_middle03_JNT": {
            "joint_matrix": [
                0.40301496964994005,
                -0.9151798182578743,
                -0.004983421670084382,
                0.0,
                0.9137736879860366,
                0.4026870067599843,
                -0.053486650026728394,
                0.0,
                0.05095666180643295,
                0.017002201038936383,
                0.9985561295076889,
                0.0,
                77.1850887323164,
                54.04465133371296,
                -5.402006721187635,
                1.0
            ],
            "parent": "L_middle02_JNT",
            "isLocator": false,
            "children": [
                "L_middle04End_JNT"
            ]
        },
        "L_middle02_JNT": {
            "joint_matrix": [
                0.3824116872954962,
                -0.9239843056085479,
                -0.0037821169866809694,
                0.0,
                0.9225858876209609,
                0.38205225840049806,
                -0.053584996162383464,
                0.0,
                0.05095666180643295,
                0.017002201038936383,
                0.9985561295076889,
                0.0,
                75.89005450008244,
                57.19427169439792,
                -5.381892057814508,
                1.0
            ],
            "parent": "L_middle01_JNT",
            "isLocator": false,
            "children": [
                "L_middle03_JNT",
                "L_middle04End_JNT"
            ]
        },
        "L_middle01_JNT": {
            "joint_matrix": [
                0.4155298570634761,
                -0.909561567762536,
                -0.005717721413702688,
                0.0,
                0.9081510648049431,
                0.4152212417605694,
                -0.05341314336807821,
                0.0,
                0.05095666180643295,
                0.017002201038936383,
                0.9985561295076889,
                0.0,
                73.68355264837245,
                62.02523990982503,
                -5.336329843622512,
                1.0
            ],
            "parent": "L_middle00_JNT",
            "isLocator": false,
            "children": [
                "L_middle02_JNT",
                "L_middle03_JNT",
                "L_middle04End_JNT"
            ]
        },
        "L_middle00_JNT": {
            "joint_matrix": [
                0.4007245318622664,
                -0.9161857523269082,
                -0.004849412020496861,
                0.0,
