{
    "vitorio": {
        "R_clavicle_JNT": {
            "joint_matrix": [
                1.0,
                0.0,
                0.0,
                0.0,
                0.0,
                -1.0,
                -1.2246467991473532e-16,
                0.0,
                0.0,
                1.2246467991473532e-16,
                -1.0,
                0.0,
                -6.46415,
                133.207,
                -6.40683,
                1.0
            ],
            "parent": "C_guides_GRP",
            "isLocator": false,
            "children": []
        },
        "R_wrist_JNT": {
            "joint_matrix": [
                0.5102677384301381,
                0.8589265965301022,
                -0.043265885991246034,
                0.0,
                0.8577794724102353,
                -0.511922030007094,
                -0.0463703774519299,
                0.0,
                -0.06197751067129648,
                -0.01345128122638428,
                -0.9979868993149951,
                0.0,
                -66.11129999999999,
                73.62839999999998,
                -6.026639999999999,
                1.0
            ],
            "parent": "R_elbow_JNT",
            "isLocator": false,
            "children": []
        },
        "R_elbow_JNT": {
            "joint_matrix": [
                0.5102677384301381,
                0.8589265965301022,
                -0.043265885991246034,
                0.0,
                0.8577794748536836,
                -0.51192202947678,
                -0.04637033810652891,
                0.0,
                -0.06197747685354062,
                -0.013451301408791014,
                -0.9979869011431356,
                0.0,
                -51.625499999999974,
                98.01219999999996,
                -7.254900000000005,
                1.0
            ],
            "parent": "R_shoulder_JNT",
            "isLocator": false,
            "children": [
                "R_wrist_JNT"
            ]
        },
        "R_shoulder_JNT": {
            "joint_matrix": [
                0.513187655604459,
                0.8580273612434918,
                0.020675528837972405,
                0.0,
                0.8577794764532952,
                -0.5119220291296076,
                -0.046370312348917836,
                0.0,
                -0.029202738068715917,
                0.041531716186018613,
                -0.9987103266913455,
                0.0,
                -30.5753,
                133.207,
                -6.40683,
                1.0
            ],
            "parent": "C_guides_GRP",
            "isLocator": false,
            "children": [
                "R_elbow_JNT",
                "R_wrist_JNT"
            ]
        },
        "R_pinky03End_JNT": {
            "joint_matrix": [
                0.45947533959306225,
                0.8865726181032152,
                0.05358549370352748,
                0.0,
                0.8420422656769166,
                -0.45400258742433286,
                0.2912841798410891,
                0.0,
                0.2825725307235739,
                -0.08871664692503659,
                -0.9551346090676716,
                0.0,
                -76.47149999999999,
                53.43920000000001,
                -12.768099999999995,
                1.0
            ],
            "parent": "R_pinky03_JNT",
            "isLocator": false,
            "children": []
        },
        "R_pinky03_JNT": {
            "joint_matrix": [
                0.45947533959306225,
                0.8865726181032152,
                0.05358549370352748,
                0.0,
                0.8420422330612881,
                -0.4540025771843086,
                0.29128429008644674,
                0.0,
                0.2825726279153725,
                -0.0887166993277843,
                -0.9551345754465097,
                0.0,
                -74.66129999999998,
                56.931999999999995,
                -12.556999999999995,
                1.0
            ],
            "parent": "R_pinky02_JNT",
            "isLocator": false,
            "children": [
                "R_pinky03End_JNT"
            ]
        },
        "R_pinky02_JNT": {
            "joint_matrix": [
                0.45630242060693094,
                0.8875049630339876,
                0.0642109144795174,
                0.0,
                0.8420422167540452,
                -0.4540025720644749,
                0.2912843452071789,
                0.0,
                0.28766822235378947,
                -0.07884545103480334,
                -0.9544791190481484,
                0.0,
                -73.49470000000001,
                59.20099999999999,
                -12.392799999999994,
                1.0
            ],
            "parent": "R_pinky01_JNT",
            "isLocator": false,
            "children": [
                "R_pinky03_JNT",
                "R_pinky03End_JNT"
            ]
        },
        "R_pinky01_JNT": {
            "joint_matrix": [
                0.45953893772945587,
                0.8865526245957542,
                0.05337048372333869,
                0.0,
                0.8420422071693275,
                -0.45400256943745065,
                0.2912843770091355,
                0.0,
                0.2824692656837036,
                -0.08891631327586966,
                -0.9551465872720988,
                0.0,
                -71.969,
                62.14430000000001,
                -12.2156,
                1.0
            ],
            "parent": "R_pinky00_JNT",
            "isLocator": false,
            "children": [
                "R_pinky02_JNT",
                "R_pinky03_JNT",
                "R_pinky03End_JNT"
            ]
        },
        "R_pinky00_JNT": {
            "joint_matrix": [
                0.4501229150015009,
                0.8889726588597427,
                0.08436215496531131,
                0.0,
                0.8420422012167327,
                -0.4540025675636794,
                0.29128439713734483,
                0.0,
                0.297244499966999,
                -0.060077287267538665,
                -0.9529094536176785,
                0.0,
                -69.4098,
                67.1987,
                -11.736,
                1.0
            ],
            "parent": "C_guides_GRP",
            "isLocator": false,
            "children": [
                "R_pinky01_JNT",
                "R_pinky02_JNT",
                "R_pinky03_JNT",
                "R_pinky03End_JNT"
            ]
        },
        "R_ring04End_JNT": {
            "joint_matrix": [
                0.482712158683409,
                0.8757676207246291,
                0.004477314990633063,
                0.0,
                0.865146293352603,
                -0.4776395744340265,
                0.1529128118658921,
                0.0,
                0.13605463225283823,
                -0.06993934103781653,
                -0.9882295409558148,
                0.0,
                -78.40309999999997,
                50.65370000000001,
                -8.975530000000001,
                1.0
            ],
            "parent": "R_ring03_JNT",
            "isLocator": false,
            "children": []
        },
        "R_ring03_JNT": {
            "joint_matrix": [
                0.482712158683409,
                0.8757676207246291,
                0.004477314990633063,
                0.0,
                0.865146293352603,
                -0.4776395744340265,
                0.1529128118658921,
                0.0,
                0.13605463225283823,
                -0.06993934103781653,
                -0.9882295409558148,
                0.0,
                -76.90780000000002,
                53.36670000000001,
                -8.961660000000007,
                1.0
            ],
            "parent": "R_ring02_JNT",
            "isLocator": false,
            "children": [
                "R_ring04End_JNT"
            ]
        },
        "R_ring02_JNT": {
            "joint_matrix": [
                0.4053343994192246,
                0.9141252575672871,
                -0.008890338857281285,
                0.0,
                0.9039873681031175,
                -0.39935385568783077,
                0.152719796546688,
                0.0,
                0.13605463225283823,
                -0.06993934103781653,
                -0.9882295409558148,
                0.0,
                -75.4614,
                56.62870000000002,
                -8.993380000000004,
                1.0
            ],
            "parent": "R_ring01_JNT",
            "isLocator": false,
            "children": [
                "R_ring03_JNT",
                "R_ring04End_JNT"
            ]
        },
        "R_ring01_JNT": {
            "joint_matrix": [
                0.43848754685412805,
                0.8987314371969145,
                -0.0032365178536769143,
                0.0,
                0.8883793155496101,
                -0.43288600389613463,
                0.15294410526215743,
                0.0,
                0.13605463225283823,
                -0.06993934103781653,
                -0.9882295409558148,
                0.0,
                -72.81090000000002,
                62.060999999999986,
                -9.012950000000004,
                1.0
            ],
            "parent": "R_ring00_JNT",
            "isLocator": false,
            "children": [
                "R_ring02_JNT",
                "R_ring03_JNT",
                "R_ring04End_JNT"
            ]
        },
        "R_ring00_JNT": {
            "joint_matrix": [
                0.43848754685412805,
                0.8987314371969145,
                -0.0032365178536769143,
                0.0,
                0.8883793155496101,
                -0.43288600389613463,
                0.15294410526215743,
                0.0,
                0.13605463225283823,
                -0.06993934103781653,
                -0.9882295409558148,
                0.0,
                -70.3269,
                67.1524,
                -9.03128,
                1.0
            ],
            "parent": "C_guides_GRP",
            "isLocator": false,
            "children": [
                "R_ring01_JNT",
                "R_ring02_JNT",
                "R_ring03_JNT",
                "R_ring04End_JNT"
            ]
        },
        "R_middle04End_JNT": {
            "joint_matrix": [
                0.40301496965598277,
                0.9151798182558584,
                0.004983421551621503,
                0.0,
                0.9137736978730638,
                -0.4026870100588856,
                0.053486456278404045,
                0.0,
                0.050956484460505214,
                -0.01700212301476156,
                -0.9985561398861944,
                0.0,
                -79.1309,
                49.62590000000001,
                -5.426070000000001,
                1.0
            ],
            "parent": "R_middle03_JNT",
            "isLocator": false,
            "children": []
        },
        "R_middle03_JNT": {
            "joint_matrix": [
                0.40301496965598277,
                0.9151798182558584,
                0.004983421551621503,
                0.0,
                0.9137736928939256,
                -0.4026870083975476,
                0.053486553850767685,
                0.0,
                0.050956573748484085,
                -0.017002162362697876,
                -0.9985561346598436,
                0.0,
                -77.1851,
                54.04469999999999,
                -5.402009999999998,
                1.0
            ],
            "parent": "R_middle02_JNT",
            "isLocator": false,
            "children": [
                "R_middle04End_JNT"
            ]
        },
        "R_middle02_JNT": {
            "joint_matrix": [
                0.3824116872479301,
                0.9239843056244187,
                0.0037821179188218053,
                0.0,
                0.92258589000996,
                -0.3820522591976133,
                0.05358494934708356,
                0.0,
                0.05095661890982231,
                -0.017002182264654272,
                -0.9985561320163823,
                0.0,
                -75.89010000000005,
                57.194300000000005,
                -5.381890000000004,
                1.0
            ],
            "parent": "R_middle01_JNT",
            "isLocator": false,
            "children": [
                "R_middle03_JNT",
                "R_middle04End_JNT"
            ]
        },
        "R_middle01_JNT": {
            "joint_matrix": [
                0.41552985706347545,
                0.9095615677625363,
                0.005717721413702636,
                0.0,
                0.9081510661201124,
                -0.41522124219938833,
                0.05341311759577529,
                0.0,
                0.050956638367445746,
                -0.017002190322255275,
                -0.9985561308862588,
                0.0,
                -73.68359999999998,
                62.025200000000005,
                -5.3363299999999985,
                1.0
            ],
            "parent": "R_middle00_JNT",
            "isLocator": false,
            "children": [
                "R_middle02_JNT",
                "R_middle03_JNT",
                "R_middle04End_JNT"
            ]
        },
        "R_middle00_JNT": {
            "joint_matrix": [
                0.4007245318622664,
                0.9161857523269082,
                0.004849412020496854,
                0.0,
                0.9147804480755545,
                -0.40039304738345405,
                0.053498966585150104,
                0.0,
                0.05095666180643256,
                -0.01700220103893622,
                -0.998556129507689,
                0.0,
                -71.4695,
                67.0874,
                -5.30954,
                1.0
            ],
            "parent": "C_guides_GRP",
            "isLocator": false,
            "children": [
                "R_middle01_JNT",
                "R_middle02_JNT",
                "R_middle03_JNT",
                "R_middle04End_JNT"
            ]
        },
        "R_index04End_JNT": {
            "joint_matrix": [
                0.4440746562432355,
                0.8956848043509195,
                -0.023375862279443684,
                0.0,
                0.8956365862302941,
                -0.4430160219428938,
                0.03964731652506821,
                0.0,
                0.025155617428270608,
                -0.038542645948986855,
                -0.9989402681617425,
                0.0,
                -78.29309999999998,
                50.65939999999999,
                -1.35692,
                1.0
            ],
            "parent": "R_index03_JNT",
            "isLocator": false,
            "children": []
        },
        "R_index03_JNT": {
            "joint_matrix": [
                0.4440746562432355,
                0.8956848043509195,
                -0.023375862279443684,
                0.0,
                0.8956365862302941,
                -0.4430160219428938,
                0.03964731652506821,
                0.0,
                0.025155617428270608,
                -0.038542645948986855,
                -0.9989402681617425,
                0.0,
                -76.71990000000002,
                53.83249999999999,
                -1.4397300000000008,
                1.0
            ],
            "parent": "R_index02_JNT",
            "isLocator": false,
            "children": [
                "R_index04End_JNT"
            ]
        },
        "R_index02_JNT": {
            "joint_matrix": [
                0.4440746562432355,
                0.8956848043509195,
                -0.023375862279443684,
                0.0,
                0.8956365862302941,
                -0.4430160219428938,
                0.03964731652506821,
                0.0,
                0.025155617428270608,
                -0.038542645948986855,
                -0.9989402681617425,
                0.0,
                -75.34739999999996,
                56.595499999999994,
                -1.5066599999999992,
                1.0
            ],
            "parent": "R_index01_JNT",
            "isLocator": false,
            "children": [
                "R_index03_JNT",
                "R_index04End_JNT"
            ]
        },
        "R_index01_JNT": {
            "joint_matrix": [
                0.4440746562432355,
                0.8956848043509195,
                -0.023375862279443684,
                0.0,
                0.8956365862302941,
                -0.4430160219428938,
                0.03964731652506821,
                0.0,
                0.025155617428270608,
                -0.038542645948986855,
                -0.9989402681617425,
                0.0,
                -73.00979999999997,
                61.419999999999995,
                -1.6174700000000004,
                1.0
            ],
            "parent": "R_index00_JNT",
            "isLocator": false,
            "children": [
                "R_index02_JNT",
                "R_index03_JNT",
                "R_index04End_JNT"
            ]
        },
        "R_index00_JNT": {
            "joint_matrix": [
                0.4440746562432355,
                0.8956848043509195,
                -0.023375862279443684,
                0.0,
                0.8956365862302941,
                -0.4430160219428938,
                0.03964731652506821,
                0.0,
                0.025155617428270608,
                -0.038542645948986855,
                -0.9989402681617425,
                0.0,
                -70.2133,
                67.0605,
                -1.76467,
                1.0
            ],
            "parent": "C_guides_GRP",
            "isLocator": false,
            "children": [
                "R_index01_JNT",
                "R_index02_JNT",
                "R_index03_JNT",
                "R_index04End_JNT"
            ]
        },
        "R_thumb03End_JNT": {
            "joint_matrix": [
                0.0999829748967061,
                0.9544953513903401,
                -0.2809662415754527,
                0.0,
                -0.09267918709603468,
                -0.272219561824193,
                -0.9577614935042348,
                0.0,
                -0.9906634004595217,
                0.12179956623270682,
                0.06124453163754004,
                0.0,
                -64.06950000000002,
                57.263700000000014,
                5.438620000000002,
                1.0
            ],
            "parent": "R_thumb02_JNT",
            "isLocator": false,
            "children": []
        },
        "R_thumb02_JNT": {
            "joint_matrix": [
                -0.032648441087967855,
                0.8647759957178369,
                -0.5010953567184084,
                0.0,
                0.018904705399859084,
                -0.5007386230744477,
                -0.8653920750014128,
                0.0,
                -0.9992880922978468,
                -0.03772676227467664,
                6.661338147750939e-16,
                0.0,
                -64.25209999999998,
                62.10060000000001,
                2.6358699999999926,
                1.0
            ],
            "parent": "R_thumb01_JNT",
            "isLocator": false,
            "children": [
                "R_thumb03End_JNT"
            ]
        },
        "R_thumb01_JNT": {
            "joint_matrix": [
                -0.03626222339932073,
                0.9604961003374597,
                -0.27592080818718695,
                0.0,
                0.01040959873711397,
                -0.27572437803865435,
                -0.9611803720474787,
                0.0,
                -0.9992880922978468,
                -0.03772676227467664,
                6.661338147750939e-16,
                0.0,
                -64.3928,
                65.82879999999997,
                1.5648700000000013,
                1.0
            ],
            "parent": "R_thumb00_JNT",
            "isLocator": false,
            "children": [
                "R_thumb02_JNT",
                "R_thumb03End_JNT"
            ]
        },
        "R_thumb00_JNT": {
            "joint_matrix": [
                -0.031812102180722945,
                0.8426234583479331,
                -0.5375627382888554,
                0.0,
                0.020280501635147274,
                -0.5371800432350771,
                -0.84322375583435,
                0.0,
                -0.9992880922978468,
                -0.03772676227467664,
                6.661338147750939e-16,
                0.0,
                -64.5473,
                69.9209,
                -1.04576,
                1.0
            ],
            "parent": "C_guides_GRP",
            "isLocator": false,
            "children": [
                "R_thumb01_JNT",
                "R_thumb02_JNT",
                "R_thumb03End_JNT"
            ]
        },
        "L_pinky03End_JNT": {
            "joint_matrix": [
                0.45947533990127126,
                -0.8865726179370385,
                -0.05358549381014742,
                0.0,
                0.8420422012167321,
                0.4540025675636793,
                -0.29128439713734583,
                0.0,
                0.2825727223082433,
                0.08871675022143674,
                0.9551345427935561,
                0.0,
                76.47147587803114,
                53.43915200542873,
                -12.76807402298189,
                1.0
            ],
            "parent": "L_pinky03_JNT",
            "isLocator": false,
            "children": []
        },
        "L_pinky03_JNT": {
            "joint_matrix": [
                0.45947533990127126,
                -0.8865726179370385,
                -0.05358549381014742,
                0.0,
                0.8420422012167321,
                0.4540025675636793,
                -0.29128439713734583,
                0.0,
                0.2825727223082433,
                0.08871675022143674,
                0.9551345427935561,
                0.0,
                74.6612614660775,
                56.93201961085436,
                -12.556960988738037,
                1.0
            ],
            "parent": "L_pinky02_JNT",
            "isLocator": false,
            "children": [
                "L_pinky03End_JNT"
            ]
        },
        "L_pinky02_JNT": {
            "joint_matrix": [
                0.45630242040547303,
                -0.8875049631426072,
                -0.06421091440983002,
                0.0,
                0.8420422012167321,
                0.4540025675636793,
                -0.29128439713734583,
                0.0,
                0.28766826815307117,
                0.07884547572832748,
                0.9544791032049819,
                0.0,
                73.49468625370822,
                59.201000106602024,
                -12.39280042840631,
                1.0
            ],
            "parent": "L_pinky01_JNT",
            "isLocator": false,
            "children": [
                "L_pinky03_JNT",
                "L_pinky03End_JNT"
            ]
        },
        "L_pinky01_JNT": {
            "joint_matrix": [
                0.4595389377294566,
                -0.8865526245957538,
                -0.05337048372333649,
                0.0,
                0.8420422012167321,
                0.4540025675636793,
                -0.29128439713734583,
                0.0,
                0.2824692834284162,
                0.08891632284326104,
                0.9551465811337388,
                0.0,
                71.96904057779948,
                62.14430929905925,
                -12.215613165225154,
                1.0
            ],
            "parent": "L_pinky00_JNT",
            "isLocator": false,
            "children": [
                "L_pinky02_JNT",
                "L_pinky03_JNT",
                "L_pinky03End_JNT"
            ]
        },
        "L_pinky00_JNT": {
            "joint_matrix": [
                0.45012291500150103,
                -0.8889726588597426,
                -0.08436215496531126,
                0.0,
                0.8420422012167321,
                0.4540025675636793,
                -0.29128439713734583,
                0.0,
                0.29724449996699986,
                0.060077287267539234,
                0.9529094536176781,
                0.0,
                69.40981158254486,
                67.19867229879428,
                -11.73596179797399,
                1.0
            ],
            "parent": "C_guides_GRP",
            "isLocator": false,
            "children": [
                "L_pinky01_JNT",
                "L_pinky02_JNT",
                "L_pinky03_JNT",
                "L_pinky03End_JNT"
            ]
        },
        "L_index04End_JNT": {
            "joint_matrix": [
                0.4440746562432355,
                -0.8956848043509195,
                0.023375862279443677,
                0.0,
                0.8956365862302941,
                0.4430160219428936,
                -0.039647316525067915,
                0.0,
                0.025155617428270344,
                0.03854264594898671,
                0.9989402681617423,
                0.0,
                78.29310078094227,
                50.65943395840033,
                -1.3569205280211623,
                1.0
            ],
            "parent": "L_index03_JNT",
            "isLocator": false,
            "children": []
        },
        "L_index03_JNT": {
            "joint_matrix": [
                0.4440746562432355,
                -0.8956848043509195,
                0.023375862279443677,
                0.0,
                0.8956365862302941,
                0.4430160219428936,
                -0.039647316525067915,
                0.0,
                0.025155617428270344,
                0.03854264594898671,
                0.9989402681617423,
                0.0,
                76.71991020118492,
                53.83251054997434,
                -1.4397324737485575,
                1.0
            ],
            "parent": "L_index02_JNT",
            "isLocator": false,
            "children": [
                "L_index04End_JNT"
            ]
        },
        "L_index02_JNT": {
            "joint_matrix": [
                0.4440746562432355,
                -0.8956848043509195,
                0.023375862279443677,
                0.0,
                0.8956365862302941,
                0.4430160219428936,
                -0.039647316525067915,
                0.0,
                0.025155617428270344,
                0.03854264594898671,
                0.9989402681617423,
                0.0,
                75.34743299923402,
                56.595483924989615,
                -1.5066613911732627,
                1.0
            ],
            "parent": "L_index01_JNT",
            "isLocator": false,
            "children": [
                "L_index03_JNT",
                "L_index04End_JNT"
            ]
        },
        "L_index01_JNT": {
            "joint_matrix": [
                0.4440746562432355,
                -0.8956848043509195,
                0.023375862279443677,
                0.0,
                0.8956365862302941,
                0.4430160219428936,
                -0.039647316525067915,
                0.0,
                0.025155617428270344,
                0.03854264594898671,
                0.9989402681617423,
                0.0,
                73.00977772519505,
                61.41996860787335,
                -1.617466427670086,
                1.0
            ],
            "parent": "L_index00_JNT",
            "isLocator": false,
            "children": [
                "L_index02_JNT",
                "L_index03_JNT",
                "L_index04End_JNT"
            ]
        },
        "L_index00_JNT": {
            "joint_matrix": [
                0.4440746562432355,
                -0.8956848043509195,
                0.023375862279443677,
                0.0,
                0.8956365862302941,
                0.4430160219428936,
                -0.039647316525067915,
                0.0,
                0.025155617428270344,
                0.03854264594898671,
                0.9989402681617423,
                0.0,
                70.21326140039785,
                67.06045527385449,
                -1.7646736135601753,
                1.0
            ],
            "parent": "C_guides_GRP",
            "isLocator": false,
            "children": [
                "L_index01_JNT",
                "L_index02_JNT",
                "L_index03_JNT",
                "L_index04End_JNT"
            ]
        },
        "L_thumb03End_JNT": {
            "joint_matrix": [
                0.0999829748967063,
                -0.9544953513903401,
                0.28096624157545275,
                0.0,
                -0.09267918709603672,
                0.27221956182419244,
                0.9577614935042351,
                0.0,
                -0.9906634004595216,
                -0.12179956623270755,
                -0.061244531637542045,
                0.0,
                64.0694800612124,
                57.26365207044206,
                5.438620176318286,
                1.0
            ],
            "parent": "L_thumb02_JNT",
            "isLocator": false,
            "children": []
        },
        "L_thumb02_JNT": {
            "joint_matrix": [
                -0.032648441087967876,
                -0.8647759957178371,
                0.5010953567184085,
                0.0,
                0.018904705399859424,
                0.5007386230744474,
                0.865392075001413,
                0.0,
                -0.9992880922978469,
                0.03772676227467681,
                -4.440892098500626e-16,
                0.0,
                64.25209078342219,
                62.10055588162994,
                2.6358711954473506,
                1.0
            ],
            "parent": "L_thumb01_JNT",
            "isLocator": false,
            "children": [
                "L_thumb03End_JNT"
            ]
        },
        "L_thumb01_JNT": {
            "joint_matrix": [
                -0.036262223399320836,
                -0.9604961003374598,
                0.2759208081871868,
                0.0,
                0.010409598737114287,
                0.2757243780386539,
                0.961180372047479,
                0.0,
                -0.9992880922978469,
                0.03772676227467681,
                -4.440892098500626e-16,
                0.0,
                64.3928448323767,
                65.82878053125373,
                1.5648676192056832,
                1.0
            ],
            "parent": "L_thumb00_JNT",
            "isLocator": false,
            "children": [
                "L_thumb02_JNT",
                "L_thumb03End_JNT"
            ]
        },
        "L_thumb00_JNT": {
            "joint_matrix": [
                -0.031812102180722945,
                -0.8426234583479332,
                0.5375627382888554,
                0.0,
                0.02028050163514761,
                0.5371800432350768,
                0.8432237558343503,
                0.0,
                -0.9992880922978469,
                0.03772676227467681,
                -4.440892098500626e-16,
                0.0,
                64.54733763667824,
                69.9209106366734,
                -1.0457607025082436,
                1.0
            ],
            "parent": "C_guides_GRP",
            "isLocator": false,
            "children": [
                "L_thumb01_JNT",
                "L_thumb02_JNT",
                "L_thumb03End_JNT"
            ]
        },
        "L_middle04End_JNT": {
            "joint_matrix": [
                0.40301496964994027,
                -0.9151798182578742,
                -0.004983421670084375,
                0.0,
                0.9137736879860363,
                0.40268700675998437,
                -0.0534866500267292,
                0.0,
                0.05095666180643368,
                0.01700220103893672,
                0.9985561295076889,
                0.0,
                79.13094787924403,
                49.62592956268922,
                -5.426067953077245,
                1.0
            ],
            "parent": "L_middle03_JNT",
            "isLocator": false,
            "children": []
        },
        "L_middle03_JNT": {
            "joint_matrix": [
                0.40301496964994027,
                -0.9151798182578742,
                -0.004983421670084375,
                0.0,
                0.9137736879860363,
                0.40268700675998437,
                -0.0534866500267292,
                0.0,
                0.05095666180643368,
                0.01700220103893672,
                0.9985561295076889,
                0.0,
                77.1850887323164,
                54.04465133371298,
                -5.402006721187637,
                1.0
            ],
            "parent": "L_middle02_JNT",
            "isLocator": false,
            "children": [
                "L_middle04End_JNT"
            ]
        },
        "L_middle02_JNT": {
            "joint_matrix": [
                0.3824116872954966,
                -0.9239843056085477,
                -0.0037821169866809595,
                0.0,
                0.9225858876209605,
                0.3820522584004984,
                -0.05358499616238427,
                0.0,
                0.05095666180643368,
                0.01700220103893672,
                0.9985561295076889,
                0.0,
                75.89005450008251,
                57.19427169439787,
                -5.38189205781451,
                1.0
            ],
            "parent": "L_middle01_JNT",
            "isLocator": false,
            "children": [
                "L_middle03_JNT",
                "L_middle04End_JNT"
            ]
        },
        "L_middle01_JNT": {
            "joint_matrix": [
                0.4155298570634761,
                -0.9095615677625359,
                -0.005717721413702683,
                0.0,
                0.9081510648049429,
                0.41522124176056935,
                -0.053413143368079015,
                0.0,
                0.05095666180643368,
                0.01700220103893672,
                0.9985561295076889,
                0.0,
                73.68355264837241,
                62.02523990982499,
                -5.336329843622514,
                1.0
            ],
            "parent": "L_middle00_JNT",
            "isLocator": false,
            "children": [
                "L_middle02_JNT",
                "L_middle03_JNT",
                "L_middle04End_JNT"
            ]
        },
        "L_middle00_JNT": {
            "joint_matrix": [
                0.40072453186226664,
                -0.916185752326908,
                -0.004849412020496858,
                0.0,
                0.9147804480755543,
                0.40039304738345405,
                -0.053498966585151325,
                0.0,
                0.05095666180643368,
                0.01700220103893672,
                0.9985561295076889,
                0.0,
                71.46945377361374,
                67.0873853039936,
                -5.309535682436713,
                1.0
            ],
            "parent": "C_guides_GRP",
            "isLocator": false,
            "children": [
                "L_middle01_JNT",
                "L_middle02_JNT",
                "L_middle03_JNT",
                "L_middle04End_JNT"
            ]
        },
        "L_ring04End_JNT": {
            "joint_matrix": [
                0.482712158683409,
                -0.8757676207246292,
                -0.004477314990633103,
                0.0,
                0.8651462933526031,
                0.4776395744340266,
                -0.1529128118658914,
                0.0,
                0.13605463225283768,
                0.06993934103781617,
                0.9882295409558152,
                0.0,
                78.40314027563451,
                50.653682245066015,
                -8.975528269461643,
                1.0
            ],
            "parent": "L_ring03_JNT",
            "isLocator": false,
            "children": []
        },
        "L_ring03_JNT": {
            "joint_matrix": [
                0.482712158683409,
                -0.8757676207246292,
                -0.004477314990633103,
                0.0,
                0.8651462933526031,
                0.4776395744340266,
                -0.1529128118658914,
                0.0,
                0.13605463225283768,
                0.06993934103781617,
                0.9882295409558152,
                0.0,
                76.90775046401654,
                53.366715165033334,
                -8.96165803416728,
                1.0
            ],
            "parent": "L_ring02_JNT",
            "isLocator": false,
            "children": [
                "L_ring04End_JNT"
            ]
        },
        "L_ring02_JNT": {
            "joint_matrix": [
                0.40533439941922333,
                -0.9141252575672878,
                0.008890338857281393,
                0.0,
                0.9039873681031182,
                0.3993538556878296,
                -0.1527197965466873,
                0.0,
                0.13605463225283768,
                0.06993934103781617,
                0.9882295409558152,
                0.0,
                75.46135281518518,
                56.62868509696498,
                -8.993382371501912,
                1.0
            ],
            "parent": "L_ring01_JNT",
            "isLocator": false,
            "children": [
                "L_ring03_JNT",
                "L_ring04End_JNT"
            ]
        },
        "L_ring01_JNT": {
            "joint_matrix": [
                0.43848754685412805,
                -0.8987314371969145,
                0.003236517853676831,
                0.0,
                0.8883793155496101,
                0.43288600389613474,
                -0.15294410526215674,
                0.0,
                0.13605463225283768,
                0.06993934103781617,
                0.9882295409558152,
                0.0,
                72.81094291110425,
                62.06100973046026,
                -9.01294529646002,
                1.0
            ],
            "parent": "L_ring00_JNT",
            "isLocator": false,
            "children": [
                "L_ring02_JNT",
                "L_ring03_JNT",
                "L_ring04End_JNT"
            ]
        },
        "L_ring00_JNT": {
            "joint_matrix": [
                0.43848754685412805,
                -0.8987314371969145,
                0.003236517853676831,
                0.0,
                0.8883793155496101,
                0.43288600389613474,
                -0.15294410526215674,
                0.0,
                0.13605463225283768,
                0.06993934103781617,
                0.9882295409558152,
                0.0,
                70.32687101537506,
                67.15240518961521,
                -9.03128046492266,
                1.0
            ],
            "parent": "C_guides_GRP",
            "isLocator": false,
            "children": [
                "L_ring01_JNT",
                "L_ring02_JNT",
                "L_ring03_JNT",
                "L_ring04End_JNT"
            ]
        },
