{
    "vitorio": {
        "L_eyeEnd_JNT": {
            "joint_matrix": [
                0.0,
                0.0,
                1.0,
                0.0,
                0.0,
                1.0,
                0.0,
                0.0,
                -1.0,
                0.0,
                0.0,
                0.0,
                3.592804431915283,
                162.33673095703125,
                6.56911039352417,
                1.0
            ],
            "parent": "L_eye_JNT",
            "isLocator": false,
            "children": []
        },
        "L_eye_JNT": {
            "joint_matrix": [
                1.0,
                0.0,
                0.0,
                0.0,
                0.0,
                1.0,
                0.0,
                0.0,
                0.0,
                0.0,
                1.0,
                0.0,
                3.592804431915283,
                162.33673095703125,
                4.834753036499023,
                1.0
            ],
            "parent": "C_guides_GRP",
            "isLocator": false,
            "children": [
                "L_eyeEnd_JNT"
            ]
        },
        "L_eyebrow00_JNT": {
            "joint_matrix": [
                1.0,
                0.0,
                0.0,
                0.0,
                0.0,
                1.0,
                0.0,
                0.0,
                0.0,
                0.0,
                1.0,
                0.0,
                1.17624,
                165.25,
                8.61562,
                1.0
            ],
            "parent": "L_eyebrowMain_JNT",
            "isLocator": false,
            "children": []
        },
        "L_eyebrow01_JNT": {
            "joint_matrix": [
                1.0,
                0.0,
                0.0,
                0.0,
                0.0,
                1.0,
                0.0,
                0.0,
                0.0,
                0.0,
                1.0,
                0.0,
                2.09359,
                165.328,
                8.467410000000001,
                1.0
            ],
            "parent": "L_eyebrowMain_JNT",
            "isLocator": false,
            "children": []
        },
        "L_eyebrow02_JNT": {
            "joint_matrix": [
                1.0,
                0.0,
                0.0,
                0.0,
                0.0,
                1.0,
                0.0,
                0.0,
                0.0,
                0.0,
                1.0,
                0.0,
                3.13719,
                165.425,
                8.220010000000002,
                1.0
            ],
            "parent": "L_eyebrowMain_JNT",
            "isLocator": false,
            "children": []
        },
        "L_eyebrow03_JNT": {
            "joint_matrix": [
                1.0,
                0.0,
                0.0,
                0.0,
                0.0,
                1.0,
                0.0,
                0.0,
                0.0,
                0.0,
                1.0,
                0.0,
                4.24306,
                165.51,
                7.78562,
                1.0
            ],
            "parent": "L_eyebrowMain_JNT",
            "isLocator": false,
            "children": []
        },
        "L_eyebrow04_JNT": {
            "joint_matrix": [
                1.0,
                0.0,
                0.0,
                0.0,
                0.0,
                1.0,
                0.0,
                0.0,
                0.0,
                0.0,
                1.0,
                0.0,
                5.35797,
                165.54,
                7.14578,
                1.0
            ],
            "parent": "L_eyebrowMain_JNT",
            "isLocator": false,
            "children": []
        },
        "L_eyebrow05_JNT": {
            "joint_matrix": [
                1.0,
                0.0,
                0.0,
                0.0,
                0.0,
                1.0,
                0.0,
                0.0,
                0.0,
                0.0,
                1.0,
                0.0,
                6.37917,
                165.074,
                6.24467,
                1.0
            ],
            "parent": "L_eyebrowMain_JNT",
            "isLocator": false,
            "children": []
        },
        "L_eyebrow06_JNT": {
            "joint_matrix": [
                1.0,
                0.0,
                0.0,
                0.0,
                0.0,
                1.0,
                0.0,
                0.0,
                0.0,
                0.0,
                1.0,
                0.0,
                6.9881,
                164.541,
                5.30444,
                1.0
            ],
            "parent": "L_eyebrowMain_JNT",
            "isLocator": false,
            "children": []
        },
        "L_eyebrowMain_JNT": {
            "joint_matrix": [
                1.0,
                0.0,
                0.0,
                0.0,
                0.0,
                1.0,
                0.0,
                0.0,
                0.0,
                0.0,
                1.0,
                0.0,
                4.24306,
                165.51,
                7.78562,
                1.0
            ],
            "parent": "C_guides_GRP",
            "isLocator": false,
            "children": [
                "L_eyebrow06_JNT",
                "L_eyebrow05_JNT",
                "L_eyebrow04_JNT",
                "L_eyebrow03_JNT",
                "L_eyebrow02_JNT",
                "L_eyebrow01_JNT",
                "L_eyebrow00_JNT"
            ]
        },
        "C_eyebrowMid_JNT": {
            "joint_matrix": [
                1.0,
                0.0,
                0.0,
                0.0,
                0.0,
                1.0,
                0.0,
                0.0,
                0.0,
                0.0,
                1.0,
                0.0,
                1.963324036504248e-16,
                165.0025177001953,
                8.477301597595215,
                1.0
            ],
            "parent": "C_guides_GRP",
            "isLocator": false,
            "children": []
        },
        "R_tip_JNT": {
            "joint_matrix": [
                0.9890050074668563,
                0.041943487809242806,
                -0.1418091641463251,
                0.0,
                0.04127954828409313,
                -0.9991185652635224,
                -0.007621774020651301,
                0.0,
                -0.14200385240881563,
                0.0016841544336998167,
                -0.9898646723289496,
                0.0,
                -12.1133,
                1.5288399999999998,
                15.0473,
                1.0
            ],
            "parent": "R_ball_JNT",
            "isLocator": false,
            "children": []
        },
        "R_ball_JNT": {
            "joint_matrix": [
                1.0,
                0.0,
                0.0,
                0.0,
                0.0,
                -1.0,
                -2.0816681711721685e-16,
                0.0,
                0.0,
                2.0816681711721685e-16,
                -1.0,
                0.0,
                -12.5989,
                1.65109,
                -0.3233139999999999,
                1.0
            ],
            "parent": "R_ankle_JNT",
            "isLocator": false,
            "children": [
                "R_tip_JNT"
            ]
        },
        "R_ankle_JNT": {
            "joint_matrix": [
                1.0,
                0.0,
                0.0,
                0.0,
                -0.0,
                -1.0,
                -2.0816681711721685e-16,
                0.0,
                0.0,
                2.0816681711721685e-16,
                -1.0,
                0.0,
                -12.5989,
                9.799609999999959,
                -6.0139,
                1.0
            ],
            "parent": "R_knee_JNT",
            "isLocator": false,
            "children": [
                "R_ball_JNT",
                "R_tip_JNT"
            ]
        },
        "R_knee_JNT": {
            "joint_matrix": [
                0.0,
                0.9965102411067879,
                0.08347058984631371,
                0.0,
                0.0,
                0.08347058984631371,
                -0.9965102411067879,
                0.0,
                -1.0,
                0.0,
                0.0,
                0.0,
                -12.5989,
                38.169,
                -3.6376,
                1.0
            ],
            "parent": "R_hip_JNT",
            "isLocator": false,
            "children": [
                "R_ankle_JNT",
                "R_ball_JNT",
                "R_tip_JNT"
            ]
        },
        "R_hip_JNT": {
            "joint_matrix": [
                0.0,
                1.0,
                0.0,
                0.0,
                0.0,
                0.0,
                -1.0,
                0.0,
                -1.0,
                0.0,
                0.0,
                0.0,
                -12.5989,
                72.1867,
                -3.6376,
                1.0
            ],
            "parent": "C_guides_GRP",
            "isLocator": false,
            "children": [
                "R_knee_JNT",
                "R_ankle_JNT",
                "R_ball_JNT",
                "R_tip_JNT"
            ]
        },
        "L_clavicle_JNT": {
            "joint_matrix": [
                1.0,
                0.0,
                0.0,
                0.0,
                0.0,
                1.0,
                0.0,
                0.0,
                0.0,
                0.0,
                1.0,
                0.0,
                6.464152236917958,
                133.20711171033395,
                -6.406825041523932,
                1.0
            ],
            "parent": "C_guides_GRP",
            "isLocator": false,
            "children": []
        },
        "L_wrist_JNT": {
            "joint_matrix": [
                0.510267738430138,
                -0.8589265965301023,
                0.04326588599124629,
                0.0,
                0.8577794764532953,
                0.5119220291296074,
                0.046370312348918113,
                0.0,
                -0.061977454714623056,
                0.013451314621277667,
                0.9979869023399336,
                0.0,
                66.11131102682913,
                73.62838179988597,
                -6.02664115208549,
                1.0
            ],
            "parent": "L_elbow_JNT",
            "isLocator": false,
            "children": []
        },
        "L_elbow_JNT": {
            "joint_matrix": [
                0.510267738430138,
                -0.8589265965301023,
                0.04326588599124629,
                0.0,
                0.8577794764532953,
                0.5119220291296074,
                0.046370312348918113,
                0.0,
                -0.061977454714623056,
                0.013451314621277667,
                0.9979869023399336,
                0.0,
                51.625481201402394,
                98.01217793826157,
                -7.254902738137884,
                1.0
            ],
            "parent": "L_shoulder_JNT",
            "isLocator": false,
            "children": [
                "L_wrist_JNT"
            ]
        },
        "L_shoulder_JNT": {
            "joint_matrix": [
                0.5131876556044589,
                -0.8580273612434919,
                -0.02067552883797255,
                0.0,
                0.8577794764532953,
                0.5119220291296074,
                0.046370312348918113,
                0.0,
                -0.02920273806871609,
                -0.04153171618601888,
                0.9987103266913454,
                0.0,
                30.57533016022353,
                133.20711171033395,
                -6.406825041523932,
                1.0
            ],
            "parent": "C_guides_GRP",
            "isLocator": false,
            "children": [
                "L_elbow_JNT",
                "L_wrist_JNT"
            ]
        },
        "L_tip_JNT": {
            "joint_matrix": [
                0.9890050074668563,
                -0.04194348780924227,
                0.14180916414632566,
                0.0,
                0.04127954828408862,
                0.9991185652635224,
                0.007621774020678639,
                0.0,
                -0.14200385240881744,
                -0.001684154433727423,
                0.9898646723289494,
                0.0,
                12.11334322382195,
                1.52884047142153,
                15.047331190879696,
                1.0
            ],
            "parent": "L_ball_JNT",
            "isLocator": false,
            "children": []
        },
        "L_ball_JNT": {
            "joint_matrix": [
                1.0,
                -4.3790589704428777e-16,
                1.296587859368869e-16,
                0.0,
                3.885780586188047e-16,
                1.0,
                -1.387778780781437e-17,
                0.0,
                -2.2204460492503128e-16,
                5.551115123125783e-17,
                1.0,
                0.0,
                12.598923672075092,
                1.651085563094881,
                -0.3233140801223753,
                1.0
            ],
            "parent": "L_ankle_JNT",
            "isLocator": false,
            "children": [
                "L_tip_JNT"
            ]
        },
        "L_ankle_JNT": {
            "joint_matrix": [
                1.0,
                -4.3790589704428777e-16,
                1.296587859368869e-16,
                0.0,
                3.885780586188047e-16,
                1.0,
                -1.387778780781437e-17,
                0.0,
                -2.2204460492503128e-16,
                5.551115123125783e-17,
                1.0,
                0.0,
                12.598923672075035,
                9.79961183474348,
                -6.013900408549295,
                1.0
            ],
            "parent": "L_knee_JNT",
            "isLocator": false,
            "children": [
                "L_ball_JNT",
                "L_tip_JNT"
            ]
        },
        "L_knee_JNT": {
            "joint_matrix": [
                1.8534194145284153e-17,
                -0.9965102411067879,
                -0.08347058984631416,
                0.0,
                -2.2126972279030436e-16,
                -0.08347058984631416,
                0.9965102411067879,
                0.0,
                -1.0,
                0.0,
                -2.220446049250313e-16,
                0.0,
                12.598923672075081,
                38.16901355827691,
                -3.637596987100951,
                1.0
            ],
            "parent": "L_hip_JNT",
            "isLocator": false,
            "children": [
                "L_ankle_JNT",
                "L_ball_JNT",
                "L_tip_JNT"
            ]
        },
        "L_hip_JNT": {
            "joint_matrix": [
                0.0,
                -1.0,
                0.0,
                0.0,
                -2.2204460492503126e-16,
                0.0,
                1.0,
                0.0,
                -1.0,
                0.0,
                -2.220446049250313e-16,
                0.0,
                12.598923672075081,
                72.18670591896894,
                -3.637596987100951,
                1.0
            ],
            "parent": "C_guides_GRP",
            "isLocator": false,
            "children": [
                "L_knee_JNT",
                "L_ankle_JNT",
                "L_ball_JNT",
                "L_tip_JNT"
            ]
        },
        "C_spine07_JNT": {
            "joint_matrix": [
                1.0,
                0.0,
                0.0,
                0.0,
                0.0,
                1.0,
                0.0,
                0.0,
                0.0,
                0.0,
                1.0,
                0.0,
                0.0,
                106.57203542815098,
                -0.03626701795808085,
                1.0
            ],
            "parent": "C_spine06_JNT",
            "isLocator": false,
            "children": []
        },
        "C_spine06_JNT": {
            "joint_matrix": [
                1.0,
                0.0,
                0.0,
                0.0,
                0.0,
                1.0,
                0.0,
                0.0,
                0.0,
                0.0,
                1.0,
                0.0,
                0.0,
                102.57203542815098,
                -0.03626701795808085,
                1.0
            ],
            "parent": "C_spine05_JNT",
            "isLocator": false,
            "children": [
                "C_spine07_JNT"
            ]
        },
        "C_spine05_JNT": {
            "joint_matrix": [
                1.0,
                0.0,
                0.0,
                0.0,
                0.0,
                1.0,
                0.0,
                0.0,
                0.0,
                0.0,
                1.0,
                0.0,
                0.0,
                98.57203542815098,
                -0.03626701795808085,
                1.0
            ],
            "parent": "C_spine04_JNT",
            "isLocator": false,
            "children": [
                "C_spine06_JNT",
                "C_spine07_JNT"
            ]
        },
        "C_spine04_JNT": {
            "joint_matrix": [
                1.0,
                0.0,
                0.0,
                0.0,
                0.0,
                1.0,
                0.0,
                0.0,
                0.0,
                0.0,
                1.0,
                0.0,
                0.0,
                94.57203542815098,
                -0.03626701795808085,
                1.0
            ],
            "parent": "C_spine03_JNT",
            "isLocator": false,
            "children": [
                "C_spine05_JNT",
                "C_spine06_JNT",
                "C_spine07_JNT"
            ]
        },
        "C_spine03_JNT": {
            "joint_matrix": [
                1.0,
                0.0,
                0.0,
                0.0,
                0.0,
                1.0,
                0.0,
                0.0,
                0.0,
                0.0,
                1.0,
                0.0,
                0.0,
                90.57203542815098,
                -0.03626701795808085,
                1.0
            ],
            "parent": "C_spine02_JNT",
            "isLocator": false,
            "children": [
                "C_spine04_JNT",
                "C_spine05_JNT",
                "C_spine06_JNT",
                "C_spine07_JNT"
            ]
        },
        "C_spine02_JNT": {
            "joint_matrix": [
                1.0,
                0.0,
                0.0,
                0.0,
                0.0,
                1.0,
                0.0,
                0.0,
                0.0,
                0.0,
                1.0,
                0.0,
                0.0,
                86.57203542815098,
                -0.03626701795808085,
                1.0
            ],
            "parent": "C_spine01_JNT",
            "isLocator": false,
            "children": [
                "C_spine03_JNT",
                "C_spine04_JNT",
                "C_spine05_JNT",
                "C_spine06_JNT",
                "C_spine07_JNT"
            ]
        },
        "C_spine01_JNT": {
            "joint_matrix": [
                1.0,
                0.0,
                0.0,
                0.0,
                0.0,
                1.0,
                0.0,
                0.0,
                0.0,
                0.0,
                1.0,
                0.0,
                0.0,
                82.57203542815098,
                -0.03626701795808085,
                1.0
            ],
            "parent": "C_spine00_JNT",
            "isLocator": false,
            "children": [
                "C_spine02_JNT",
                "C_spine03_JNT",
                "C_spine04_JNT",
                "C_spine05_JNT",
                "C_spine06_JNT",
                "C_spine07_JNT"
            ]
        },
        "C_spine00_JNT": {
            "joint_matrix": [
                1.0,
                0.0,
                0.0,
                0.0,
                0.0,
                1.0,
                0.0,
                0.0,
                0.0,
                0.0,
                1.0,
                0.0,
                0.0,
                78.57203542815098,
                -0.03626701795808085,
                1.0
            ],
            "parent": "C_guides_GRP",
            "isLocator": false,
            "children": [
                "C_spine01_JNT",
                "C_spine02_JNT",
                "C_spine03_JNT",
                "C_spine04_JNT",
                "C_spine05_JNT",
                "C_spine06_JNT",
                "C_spine07_JNT"
            ]
        },
        "C_neck04_JNT": {
            "joint_matrix": [
                1.0,
                0.0,
                0.0,
                0.0,
                0.0,
                1.0,
                0.0,
                0.0,
                0.0,
                0.0,
                1.0,
                0.0,
                0.0,
                155.2299023968427,
                -5.991471756253923,
                1.0
            ],
            "parent": "C_neck03_JNT",
            "isLocator": false,
            "children": []
        },
        "C_neck03_JNT": {
            "joint_matrix": [
                1.0,
                0.0,
                0.0,
                0.0,
                0.0,
                1.0,
                0.0,
                0.0,
                0.0,
                0.0,
                1.0,
                0.0,
                0.0,
                152.2299023968427,
                -5.991471756253923,
                1.0
            ],
            "parent": "C_neck02_JNT",
            "isLocator": false,
            "children": [
                "C_neck04_JNT"
            ]
        },
        "C_neck02_JNT": {
            "joint_matrix": [
                1.0,
                0.0,
                0.0,
                0.0,
                0.0,
                1.0,
                0.0,
                0.0,
                0.0,
                0.0,
                1.0,
                0.0,
                0.0,
                149.2299023968427,
                -5.991471756253923,
                1.0
            ],
            "parent": "C_neck01_JNT",
            "isLocator": false,
            "children": [
                "C_neck03_JNT",
                "C_neck04_JNT"
            ]
        },
        "C_neck01_JNT": {
            "joint_matrix": [
                1.0,
                0.0,
                0.0,
                0.0,
                0.0,
                1.0,
                0.0,
                0.0,
                0.0,
                0.0,
                1.0,
                0.0,
                0.0,
                146.2299023968427,
                -5.991471756253923,
                1.0
            ],
            "parent": "C_neck00_JNT",
            "isLocator": false,
            "children": [
                "C_neck02_JNT",
                "C_neck03_JNT",
                "C_neck04_JNT"
            ]
        },
        "C_neck00_JNT": {
            "joint_matrix": [
                1.0,
                0.0,
                0.0,
                0.0,
                0.0,
                1.0,
                0.0,
                0.0,
                0.0,
                0.0,
                1.0,
                0.0,
                0.0,
                143.2299023968427,
                -5.991471756253923,
                1.0
            ],
            "parent": "C_guides_GRP",
            "isLocator": false,
            "children": [
                "C_neck01_JNT",
                "C_neck02_JNT",
                "C_neck03_JNT",
                "C_neck04_JNT"
            ]
        },
        "L_ring04End_JNT": {
            "joint_matrix": [
                0.482712158683409,
                -0.8757676207246292,
                -0.004477314990632938,
                0.0,
                0.8651462933526031,
                0.4776395744340266,
                -0.15291281186589162,
                0.0,
                0.13605463225283776,
                0.0699393410378164,
                0.9882295409558152,
                0.0,
                78.40314027563451,
                50.65368224506605,
                -8.975528269461641,
                1.0
            ],
            "parent": "L_ring03_JNT",
            "isLocator": false,
            "children": []
        },
        "L_ring03_JNT": {
            "joint_matrix": [
                0.482712158683409,
                -0.8757676207246292,
                -0.004477314990632938,
                0.0,
                0.8651462933526031,
                0.4776395744340266,
                -0.15291281186589162,
                0.0,
                0.13605463225283776,
                0.0699393410378164,
                0.9882295409558152,
                0.0,
                76.90775046401653,
                53.36671516503337,
                -8.961658034167257,
                1.0
            ],
            "parent": "L_ring02_JNT",
            "isLocator": false,
            "children": [
                "L_ring04End_JNT"
            ]
        },
        "L_ring02_JNT": {
            "joint_matrix": [
                0.40533439941922333,
                -0.9141252575672878,
                0.008890338857281578,
                0.0,
                0.9039873681031182,
                0.3993538556878296,
                -0.1527197965466875,
                0.0,
                0.13605463225283776,
                0.0699393410378164,
                0.9882295409558152,
                0.0,
                75.46135281518528,
                56.62868509696492,
                -8.993382371501934,
                1.0
            ],
            "parent": "L_ring01_JNT",
            "isLocator": false,
            "children": [
                "L_ring03_JNT",
                "L_ring04End_JNT"
            ]
        },
        "L_ring01_JNT": {
            "joint_matrix": [
                0.43848754685412805,
                -0.8987314371969145,
                0.0032365178536770114,
                0.0,
                0.8883793155496101,
                0.43288600389613474,
                -0.15294410526215693,
                0.0,
                0.13605463225283776,
                0.0699393410378164,
                0.9882295409558152,
                0.0,
                72.81094291110449,
                62.06100973046027,
                -9.012945296460076,
                1.0
            ],
            "parent": "L_ring00_JNT",
            "isLocator": false,
            "children": [
                "L_ring02_JNT",
                "L_ring03_JNT",
                "L_ring04End_JNT"
            ]
        },
        "L_ring00_JNT": {
            "joint_matrix": [
                0.43848754685412805,
                -0.8987314371969145,
                0.0032365178536770114,
                0.0,
                0.8883793155496101,
                0.43288600389613474,
                -0.15294410526215693,
                0.0,
                0.13605463225283776,
                0.0699393410378164,
                0.9882295409558152,
                0.0,
                70.32687101537506,
                67.15240518961521,
                -9.03128046492266,
                1.0
            ],
            "parent": "C_guides_GRP",
            "isLocator": false,
            "children": [
                "L_ring01_JNT",
                "L_ring02_JNT",
                "L_ring03_JNT",
                "L_ring04End_JNT"
            ]
        },
        "L_middle04End_JNT": {
            "joint_matrix": [
                0.40301496964994005,
                -0.9151798182578743,
                -0.004983421670084364,
                0.0,
                0.9137736879860366,
                0.4026870067599843,
                -0.053486650026728186,
                0.0,
                0.05095666180643275,
                0.017002201038936314,
                0.9985561295076889,
                0.0,
                79.13094787924409,
                49.62592956268925,
                -5.426067953077244,
                1.0
            ],
            "parent": "L_middle03_JNT",
            "isLocator": false,
            "children": []
        },
        "L_middle03_JNT": {
            "joint_matrix": [
                0.40301496964994005,
                -0.9151798182578743,
                -0.004983421670084364,
                0.0,
                0.9137736879860366,
                0.4026870067599843,
                -0.053486650026728186,
                0.0,
                0.05095666180643275,
                0.017002201038936314,
                0.9985561295076889,
                0.0,
                77.1850887323164,
                54.04465133371295,
                -5.402006721187633,
                1.0
            ],
            "parent": "L_middle02_JNT",
            "isLocator": false,
            "children": [
                "L_middle04End_JNT"
            ]
        },
        "L_middle02_JNT": {
            "joint_matrix": [
                0.3824116872954962,
                -0.9239843056085479,
                -0.003782116986680956,
                0.0,
                0.9225858876209609,
                0.38205225840049806,
                -0.053584996162383255,
                0.0,
                0.05095666180643275,
                0.017002201038936314,
                0.9985561295076889,
                0.0,
                75.89005450008247,
                57.19427169439791,
                -5.38189205781451,
                1.0
            ],
            "parent": "L_middle01_JNT",
            "isLocator": false,
            "children": [
                "L_middle03_JNT",
                "L_middle04End_JNT"
            ]
        },
        "L_middle01_JNT": {
            "joint_matrix": [
                0.4155298570634761,
                -0.909561567762536,
                -0.005717721413702667,
                0.0,
                0.9081510648049431,
                0.4152212417605694,
                -0.053413143368078,
                0.0,
                0.05095666180643275,
                0.017002201038936314,
                0.9985561295076889,
                0.0,
                73.68355264837245,
                62.02523990982505,
                -5.3363298436225115,
                1.0
            ],
            "parent": "L_middle00_JNT",
            "isLocator": false,
            "children": [
                "L_middle02_JNT",
                "L_middle03_JNT",
                "L_middle04End_JNT"
            ]
        },
        "L_middle00_JNT": {
            "joint_matrix": [
                0.4007245318622664,
                -0.9161857523269082,
                -0.004849412020496844,
                0.0,
                0.9147804480755545,
                0.4003930473834538,
                -0.05349896658515031,
                0.0,
                0.05095666180643275,
                0.017002201038936314,
                0.9985561295076889,
                0.0,
                71.46945377361374,
                67.0873853039936,
                -5.309535682436713,
                1.0
            ],
            "parent": "C_guides_GRP",
            "isLocator": false,
            "children": [
                "L_middle01_JNT",
                "L_middle02_JNT",
                "L_middle03_JNT",
                "L_middle04End_JNT"
            ]
        },
        "L_thumb03End_JNT": {
            "joint_matrix": [
                0.09998297489670613,
                -0.9544953513903401,
                0.28096624157545297,
                0.0,
                -0.09267918709603654,
                0.2722195618241929,
                0.9577614935042348,
                0.0,
                -0.9906634004595217,
                -0.12179956623270732,
                -0.06124453163754189,
                0.0,
                64.0694800612124,
                57.263652070442,
                5.4386201763182225,
                1.0
            ],
            "parent": "L_thumb02_JNT",
            "isLocator": false,
            "children": []
        },
        "L_thumb02_JNT": {
            "joint_matrix": [
                -0.03264844108796787,
                -0.8647759957178371,
                0.5010953567184084,
                0.0,
                0.018904705399859424,
                0.5007386230744475,
                0.8653920750014129,
                0.0,
                -0.9992880922978469,
                0.03772676227467681,
                -4.440892098500626e-16,
                0.0,
                64.25209078342209,
                62.10055588162989,
                2.635871195447338,
                1.0
            ],
            "parent": "L_thumb01_JNT",
            "isLocator": false,
            "children": [
                "L_thumb03End_JNT"
            ]
        },
        "L_thumb01_JNT": {
            "joint_matrix": [
                -0.03626222339932083,
                -0.9604961003374598,
                0.27592080818718684,
                0.0,
                0.01040959873711429,
                0.275724378038654,
                0.9611803720474789,
                0.0,
                -0.9992880922978469,
                0.03772676227467681,
                -4.440892098500626e-16,
                0.0,
                64.39284483237654,
                65.82878053125367,
                1.5648676192056814,
                1.0
            ],
            "parent": "L_thumb00_JNT",
            "isLocator": false,
            "children": [
                "L_thumb02_JNT",
                "L_thumb03End_JNT"
            ]
        },
        "L_thumb00_JNT": {
            "joint_matrix": [
                -0.031812102180722945,
                -0.8426234583479332,
                0.5375627382888554,
                0.0,
                0.02028050163514761,
                0.5371800432350768,
                0.8432237558343503,
                0.0,
                -0.9992880922978469,
                0.03772676227467681,
                -4.440892098500626e-16,
                0.0,
                64.54733763667824,
                69.9209106366734,
                -1.0457607025082436,
                1.0
            ],
            "parent": "C_guides_GRP",
            "isLocator": false,
            "children": [
                "L_thumb01_JNT",
                "L_thumb02_JNT",
                "L_thumb03End_JNT"
            ]
        },
        "L_index04End_JNT": {
            "joint_matrix": [
                0.4440746562432355,
                -0.8956848043509195,
                0.023375862279443792,
                0.0,
                0.8956365862302941,
                0.4430160219428936,
                -0.03964731652506788,
                0.0,
                0.025155617428270258,
                0.0385426459489868,
                0.9989402681617423,
                0.0,
                78.29310078094213,
                50.659433958400214,
                -1.3569205280211567,
                1.0
            ],
            "parent": "L_index03_JNT",
            "isLocator": false,
            "children": []
        },
        "L_index03_JNT": {
            "joint_matrix": [
                0.4440746562432355,
                -0.8956848043509195,
                0.023375862279443792,
                0.0,
                0.8956365862302941,
                0.4430160219428936,
                -0.03964731652506788,
                0.0,
                0.025155617428270258,
                0.0385426459489868,
                0.9989402681617423,
                0.0,
                76.71991020118499,
                53.832510549974316,
                -1.4397324737485593,
                1.0
            ],
            "parent": "L_index02_JNT",
            "isLocator": false,
            "children": [
                "L_index04End_JNT"
            ]
        },
        "L_index02_JNT": {
            "joint_matrix": [
                0.4440746562432355,
                -0.8956848043509195,
                0.023375862279443792,
                0.0,
                0.8956365862302941,
                0.4430160219428936,
                -0.03964731652506788,
                0.0,
                0.025155617428270258,
                0.0385426459489868,
                0.9989402681617423,
                0.0,
                75.34743299923403,
                56.59548392498957,
                -1.5066613911732665,
                1.0
            ],
            "parent": "L_index01_JNT",
            "isLocator": false,
            "children": [
                "L_index03_JNT",
                "L_index04End_JNT"
            ]
        },
        "L_index01_JNT": {
            "joint_matrix": [
                0.4440746562432355,
                -0.8956848043509195,
                0.023375862279443792,
                0.0,
                0.8956365862302941,
                0.4430160219428936,
                -0.03964731652506788,
                0.0,
                0.025155617428270258,
                0.0385426459489868,
                0.9989402681617423,
                0.0,
                73.00977772519505,
                61.419968607873166,
                -1.6174664276700823,
                1.0
            ],
            "parent": "L_index00_JNT",
            "isLocator": false,
            "children": [
                "L_index02_JNT",
                "L_index03_JNT",
                "L_index04End_JNT"
            ]
        },
        "L_index00_JNT": {
            "joint_matrix": [
                0.4440746562432355,
                -0.8956848043509195,
                0.023375862279443792,
                0.0,
                0.8956365862302941,
                0.4430160219428936,
                -0.03964731652506788,
                0.0,
                0.025155617428270258,
                0.0385426459489868,
                0.9989402681617423,
                0.0,
                70.21326140039785,
                67.06045527385449,
                -1.7646736135601753,
                1.0
            ],
            "parent": "C_guides_GRP",
            "isLocator": false,
            "children": [
                "L_index01_JNT",
                "L_index02_JNT",
                "L_index03_JNT",
                "L_index04End_JNT"
            ]
        },
        "L_pinky03End_JNT": {
            "joint_matrix": [
                0.45947533990127143,
                -0.8865726179370383,
                -0.053585493810147045,
                0.0,
                0.842042201216732,
                0.4540025675636794,
                -0.2912843971373459,
                0.0,
                0.2825727223082431,
                0.0887167502214371,
                0.9551345427935563,
                0.0,
                76.4714758780312,
                53.4391520054287,
                -12.768074022981917,
                1.0
            ],
            "parent": "L_pinky03_JNT",
            "isLocator": false,
            "children": []
        },
        "L_pinky03_JNT": {
            "joint_matrix": [
