{
    "vitorio": {
        "L_eyeEnd_JNT": {
            "joint_matrix": [
                0.0,
                0.0,
                1.0,
                0.0,
                0.0,
                1.0,
                0.0,
                0.0,
                -1.0,
                0.0,
                0.0,
                0.0,
                4.093720018863678,
                149.29741668701172,
                6.246623873710632,
                1.0
            ],
            "parent": "L_eye_JNT",
            "isLocator": false,
            "children": []
        },
        "L_eye_JNT": {
            "joint_matrix": [
                1.0,
                0.0,
                0.0,
                0.0,
                0.0,
                1.0,
                0.0,
                0.0,
                0.0,
                0.0,
                1.0,
                0.0,
                4.093720018863678,
                149.29741668701172,
                4.512266516685486,
                1.0
            ],
            "parent": "C_guides_GRP",
            "isLocator": false,
            "children": [
                "L_eyeEnd_JNT"
            ]
        },
        "L_eyebrow00_JNT": {
            "joint_matrix": [
                1.0,
                0.0,
                0.0,
                0.0,
                0.0,
                1.0,
                0.0,
                0.0,
                0.0,
                0.0,
                1.0,
                0.0,
                1.7418926745874712,
                152.38360688498292,
                8.61562,
                1.0
            ],
            "parent": "L_eyebrowMain_JNT",
            "isLocator": false,
            "children": []
        },
        "L_eyebrow01_JNT": {
            "joint_matrix": [
                1.0,
                0.0,
                0.0,
                0.0,
                0.0,
                1.0,
                0.0,
                0.0,
                0.0,
                0.0,
                1.0,
                0.0,
                2.659242674587471,
                152.46160688498293,
                8.467410000000001,
                1.0
            ],
            "parent": "L_eyebrowMain_JNT",
            "isLocator": false,
            "children": []
        },
        "L_eyebrow02_JNT": {
            "joint_matrix": [
                1.0,
                0.0,
                0.0,
                0.0,
                0.0,
                1.0,
                0.0,
                0.0,
                0.0,
                0.0,
                1.0,
                0.0,
                3.702842674587471,
                152.55860688498294,
                8.220010000000002,
                1.0
            ],
            "parent": "L_eyebrowMain_JNT",
            "isLocator": false,
            "children": []
        },
        "L_eyebrow03_JNT": {
            "joint_matrix": [
                1.0,
                0.0,
                0.0,
                0.0,
                0.0,
                1.0,
                0.0,
                0.0,
                0.0,
                0.0,
                1.0,
                0.0,
                4.808712674587471,
                152.64360688498292,
                7.78562,
                1.0
            ],
            "parent": "L_eyebrowMain_JNT",
            "isLocator": false,
            "children": []
        },
        "L_eyebrow04_JNT": {
            "joint_matrix": [
                1.0,
                0.0,
                0.0,
                0.0,
                0.0,
                1.0,
                0.0,
                0.0,
                0.0,
                0.0,
                1.0,
                0.0,
                5.923622674587471,
                152.67360688498292,
                7.14578,
                1.0
            ],
            "parent": "L_eyebrowMain_JNT",
            "isLocator": false,
            "children": []
        },
        "L_eyebrow05_JNT": {
            "joint_matrix": [
                1.0,
                0.0,
                0.0,
                0.0,
                0.0,
                1.0,
                0.0,
                0.0,
                0.0,
                0.0,
                1.0,
                0.0,
                6.9448226745874715,
                152.20760688498294,
                6.24467,
                1.0
            ],
            "parent": "L_eyebrowMain_JNT",
            "isLocator": false,
            "children": []
        },
        "L_eyebrow06_JNT": {
            "joint_matrix": [
                1.0,
                0.0,
                0.0,
                0.0,
                0.0,
                1.0,
                0.0,
                0.0,
                0.0,
                0.0,
                1.0,
                0.0,
                7.5537526745874715,
                151.67460688498292,
                5.30444,
                1.0
            ],
            "parent": "L_eyebrowMain_JNT",
            "isLocator": false,
            "children": []
        },
        "L_eyebrowMain_JNT": {
            "joint_matrix": [
                1.0,
                0.0,
                0.0,
                0.0,
                0.0,
                1.0,
                0.0,
                0.0,
                0.0,
                0.0,
                1.0,
                0.0,
                4.808712674587471,
                152.64360688498292,
                7.78562,
                1.0
            ],
            "parent": "C_guides_GRP",
            "isLocator": false,
            "children": [
                "L_eyebrow06_JNT",
                "L_eyebrow05_JNT",
                "L_eyebrow04_JNT",
                "L_eyebrow03_JNT",
                "L_eyebrow02_JNT",
                "L_eyebrow01_JNT",
                "L_eyebrow00_JNT"
            ]
        },
        "C_eyebrowMid_JNT": {
            "joint_matrix": [
                1.0,
                0.0,
                0.0,
                0.0,
                0.0,
                1.0,
                0.0,
                0.0,
                0.0,
                0.0,
                1.0,
                0.0,
                -0.020633695647120476,
                152.3434600830078,
                8.712846755981445,
                1.0
            ],
            "parent": "C_guides_GRP",
            "isLocator": false,
            "children": []
        },
        "L_clavicle_JNT": {
            "joint_matrix": [
                1.0,
                0.0,
                0.0,
                0.0,
                0.0,
                1.0,
                0.0,
                0.0,
                0.0,
                0.0,
                1.0,
                0.0,
                2.459027152449093,
                130.00951955570014,
                -5.039776515754864,
                1.0
            ],
            "parent": "C_guides_GRP",
            "isLocator": false,
            "children": []
        },
        "L_wrist_JNT": {
            "joint_matrix": [
                0.896155462084468,
                -0.4418501050108517,
                0.0409129866677203,
                0.0,
                0.43841832638627637,
                0.8958729395005757,
                0.0721182872734405,
                0.0,
                -0.0685183104347309,
                -0.04669219391394452,
                0.996556611619567,
                0.0,
                53.471429067578356,
                108.82816023572242,
                -5.0419166503265265,
                1.0
            ],
            "parent": "L_elbow_JNT",
            "isLocator": false,
            "children": []
        },
        "L_elbow_JNT": {
            "joint_matrix": [
                0.896155462084468,
                -0.4418501050108517,
                0.0409129866677203,
                0.0,
                0.44272177653001854,
                0.896533365335428,
                -0.015011776258534032,
                0.0,
                -0.030046902706902107,
                0.031565955430357305,
                0.9990499357366931,
                0.0,
                35.217950354542744,
                117.82805124504364,
                -5.875259036578229,
                1.0
            ],
            "parent": "L_shoulder_JNT",
            "isLocator": false,
            "children": [
                "L_wrist_JNT"
            ]
        },
        "L_shoulder_JNT": {
            "joint_matrix": [
                0.8960184159330113,
                -0.44297621249942076,
                -0.03038212416150486,
                0.0,
                0.44272177653001854,
                0.896533365335428,
                -0.015011776258534032,
                0.0,
                0.033888447810446906,
                -2.4582766378067327e-14,
                0.9994256215972245,
                0.0,
                10.578207561430853,
                130.00951955570014,
                -5.039776515754864,
                1.0
            ],
            "parent": "C_guides_GRP",
            "isLocator": false,
            "children": [
                "L_elbow_JNT",
                "L_wrist_JNT"
            ]
        },
        "L_tip_JNT": {
            "joint_matrix": [
                0.9999999999999999,
                3.148917228099387e-17,
                2.0816681711721685e-16,
                0.0,
                -1.0581813203458523e-16,
                0.9999999999999998,
                6.048495038157853e-13,
                0.0,
                -5.238864897449957e-16,
                -6.048404490534994e-13,
                1.0,
                0.0,
                7.786455278995344,
                1.4141726133477368,
                13.289793968200684,
                1.0
            ],
            "parent": "L_ball_JNT",
            "isLocator": false,
            "children": []
        },
        "L_ball_JNT": {
            "joint_matrix": [
                0.9999999999999999,
                3.148917228099387e-17,
                2.0816681711721685e-16,
                0.0,
                -1.0581813203458523e-16,
                0.9999999999999998,
                6.048495038157853e-13,
                0.0,
                -5.238864897449957e-16,
                -6.048404490534994e-13,
                1.0,
                0.0,
                6.879528259495551,
                3.076423150173132,
                2.7345160229425423,
                1.0
            ],
            "parent": "L_ankle_JNT",
            "isLocator": false,
            "children": [
                "L_tip_JNT"
            ]
        },
        "L_ankle_JNT": {
            "joint_matrix": [
                -0.013162078336595752,
                -0.7128622361526262,
                0.7011805701538929,
                0.0,
                -0.013379001599511837,
                0.701304094004503,
                0.7127366765143515,
                0.0,
                -0.9998238654933485,
                1.1348560979840272e-14,
                -0.018768004420779937,
                0.0,
                6.970650079280711,
                8.011609110417062,
                -2.119797096652184,
                1.0
            ],
            "parent": "L_knee_JNT",
            "isLocator": false,
            "children": [
                "L_ball_JNT",
                "L_tip_JNT"
            ]
        },
        "L_knee_JNT": {
            "joint_matrix": [
                -0.017784899333818563,
                -0.9632356520478316,
                -0.26806860312180225,
                0.0,
                -0.004948696267378266,
                -0.2680229213797349,
                0.9633998256281374,
                0.0,
                -0.9998295893605764,
                0.018460559012685056,
                0.0,
                0.0,
                7.779983135447395,
                51.84533790741575,
                -1.8539706070254394,
                1.0
            ],
            "parent": "L_hip_JNT",
            "isLocator": false,
            "children": [
                "L_ankle_JNT",
                "L_ball_JNT",
                "L_tip_JNT"
            ]
        },
        "L_hip_JNT": {
            "joint_matrix": [
                -0.01846055901268495,
                -0.9998295893605764,
                0.0,
                0.0,
                -2.220446049250312e-16,
                0.0,
                1.0,
                0.0,
                -0.9998295893605764,
                0.018460559012685056,
                0.0,
                0.0,
                8.47533445597193,
                89.50578062660216,
                -1.8539706070254396,
                1.0
            ],
            "parent": "C_guides_GRP",
            "isLocator": false,
            "children": [
                "L_knee_JNT",
                "L_ankle_JNT",
                "L_ball_JNT",
                "L_tip_JNT"
            ]
        },
        "C_spine07_JNT": {
            "joint_matrix": [
                1.0,
                0.0,
                0.0,
                0.0,
                0.0,
                1.0,
                0.0,
                0.0,
                0.0,
                0.0,
                1.0,
                0.0,
                0.0,
                115.23803235715292,
                0.0,
                1.0
            ],
            "parent": "C_spine06_JNT",
            "isLocator": false,
            "children": []
        },
        "C_spine06_JNT": {
            "joint_matrix": [
                1.0,
                0.0,
                0.0,
                0.0,
                0.0,
                1.0,
                0.0,
                0.0,
                0.0,
                0.0,
                1.0,
                0.0,
                0.0,
                112.23803235715292,
                0.0,
                1.0
            ],
            "parent": "C_spine05_JNT",
            "isLocator": false,
            "children": [
                "C_spine07_JNT"
            ]
        },
        "C_spine05_JNT": {
            "joint_matrix": [
                1.0,
                0.0,
                0.0,
                0.0,
                0.0,
                1.0,
                0.0,
                0.0,
                0.0,
                0.0,
                1.0,
                0.0,
                0.0,
                109.23803235715292,
                0.0,
                1.0
            ],
            "parent": "C_spine04_JNT",
            "isLocator": false,
            "children": [
                "C_spine06_JNT",
                "C_spine07_JNT"
            ]
        },
        "C_spine04_JNT": {
            "joint_matrix": [
                1.0,
                0.0,
                0.0,
                0.0,
                0.0,
                1.0,
                0.0,
                0.0,
                0.0,
                0.0,
                1.0,
                0.0,
                0.0,
                106.23803235715292,
                0.0,
                1.0
            ],
            "parent": "C_spine03_JNT",
            "isLocator": false,
            "children": [
                "C_spine05_JNT",
                "C_spine06_JNT",
                "C_spine07_JNT"
            ]
        },
        "C_spine03_JNT": {
            "joint_matrix": [
                1.0,
                0.0,
                0.0,
                0.0,
                0.0,
                1.0,
                0.0,
                0.0,
                0.0,
                0.0,
                1.0,
                0.0,
                0.0,
                103.23803235715292,
                0.0,
                1.0
            ],
            "parent": "C_spine02_JNT",
            "isLocator": false,
            "children": [
                "C_spine04_JNT",
                "C_spine05_JNT",
                "C_spine06_JNT",
                "C_spine07_JNT"
            ]
        },
        "C_spine02_JNT": {
            "joint_matrix": [
                1.0,
                0.0,
                0.0,
                0.0,
                0.0,
                1.0,
                0.0,
                0.0,
                0.0,
                0.0,
                1.0,
                0.0,
                0.0,
                100.23803235715292,
                0.0,
                1.0
            ],
            "parent": "C_spine01_JNT",
            "isLocator": false,
            "children": [
                "C_spine03_JNT",
                "C_spine04_JNT",
                "C_spine05_JNT",
                "C_spine06_JNT",
                "C_spine07_JNT"
            ]
        },
        "C_spine01_JNT": {
            "joint_matrix": [
                1.0,
                0.0,
                0.0,
                0.0,
                0.0,
                1.0,
                0.0,
                0.0,
                0.0,
                0.0,
                1.0,
                0.0,
                0.0,
                97.23803235715292,
                0.0,
                1.0
            ],
            "parent": "C_spine00_JNT",
            "isLocator": false,
            "children": [
                "C_spine02_JNT",
                "C_spine03_JNT",
                "C_spine04_JNT",
                "C_spine05_JNT",
                "C_spine06_JNT",
                "C_spine07_JNT"
            ]
        },
        "C_spine00_JNT": {
            "joint_matrix": [
                1.0,
                0.0,
                0.0,
                0.0,
                0.0,
                1.0,
                0.0,
                0.0,
                0.0,
                0.0,
                1.0,
                0.0,
                0.0,
                94.23803235715292,
                0.0,
                1.0
            ],
            "parent": "C_guides_GRP",
            "isLocator": false,
            "children": [
                "C_spine01_JNT",
                "C_spine02_JNT",
                "C_spine03_JNT",
                "C_spine04_JNT",
                "C_spine05_JNT",
                "C_spine06_JNT",
                "C_spine07_JNT"
            ]
        },
        "C_neck04_JNT": {
            "joint_matrix": [
                1.0,
                0.0,
                0.0,
                0.0,
                0.0,
                1.0,
                0.0,
                0.0,
                0.0,
                0.0,
                1.0,
                0.0,
                0.0,
                140.2878496058039,
                -3.7712999992207585,
                1.0
            ],
            "parent": "C_neck03_JNT",
            "isLocator": false,
            "children": []
        },
        "C_neck03_JNT": {
            "joint_matrix": [
                1.0,
                0.0,
                0.0,
                0.0,
                0.0,
                1.0,
                0.0,
                0.0,
                0.0,
                0.0,
                1.0,
                0.0,
                0.0,
                138.2878496058039,
                -3.7712999992207585,
                1.0
            ],
            "parent": "C_neck02_JNT",
            "isLocator": false,
            "children": [
                "C_neck04_JNT"
            ]
        },
        "C_neck02_JNT": {
            "joint_matrix": [
                1.0,
                0.0,
                0.0,
                0.0,
                0.0,
                1.0,
                0.0,
                0.0,
                0.0,
                0.0,
                1.0,
                0.0,
                0.0,
                136.2878496058039,
                -3.7712999992207585,
                1.0
            ],
            "parent": "C_neck01_JNT",
            "isLocator": false,
            "children": [
                "C_neck03_JNT",
                "C_neck04_JNT"
            ]
        },
        "C_neck01_JNT": {
            "joint_matrix": [
                1.0,
                0.0,
                0.0,
                0.0,
                0.0,
                1.0,
                0.0,
                0.0,
                0.0,
                0.0,
                1.0,
                0.0,
                0.0,
                134.2878496058039,
                -3.7712999992207585,
                1.0
            ],
            "parent": "C_neck00_JNT",
            "isLocator": false,
            "children": [
                "C_neck02_JNT",
                "C_neck03_JNT",
                "C_neck04_JNT"
            ]
        },
        "C_neck00_JNT": {
            "joint_matrix": [
                1.0,
                0.0,
                0.0,
                0.0,
                0.0,
                1.0,
                0.0,
                0.0,
                0.0,
                0.0,
                1.0,
                0.0,
                0.0,
                132.2878496058039,
                -3.7712999992207585,
                1.0
            ],
            "parent": "C_guides_GRP",
            "isLocator": false,
            "children": [
                "C_neck01_JNT",
                "C_neck02_JNT",
                "C_neck03_JNT",
                "C_neck04_JNT"
            ]
        },
        "L_ring04End_JNT": {
            "joint_matrix": [
                0.9126938192527939,
                -0.4053000559685578,
                -0.05217141870442309,
                0.0,
                0.4046395160913012,
                0.9141837149238025,
                -0.02313001049532248,
                0.0,
                0.057068855912362174,
                -2.1328395028534605e-14,
                0.9983702447914071,
                0.0,
                66.87755584716797,
                101.04597091674805,
                -6.485872507095336,
                1.0
            ],
            "parent": "L_ring03_JNT",
            "isLocator": false,
            "children": []
        },
        "L_ring03_JNT": {
            "joint_matrix": [
                0.9126938192527939,
                -0.4053000559685578,
                -0.05217141870442309,
                0.0,
                0.4046395160913012,
                0.9141837149238025,
                -0.02313001049532248,
                0.0,
                0.057068855912362174,
                -2.1328395028534605e-14,
                0.9983702447914071,
                0.0,
                65.20397567749022,
                101.78915786743164,
                -6.390207290649411,
                1.0
            ],
            "parent": "L_ring02_JNT",
            "isLocator": false,
            "children": [
                "L_ring04End_JNT"
            ]
        },
        "L_ring02_JNT": {
            "joint_matrix": [
                0.8767633152204006,
                -0.4787742659509965,
                -0.045401446527801564,
                0.0,
                0.47813364210450865,
                0.8779380401048155,
                -0.02475920081087482,
                0.0,
                0.051713725176301586,
                -6.110350232652758e-16,
                0.9986619501254616,
                0.0,
                63.248048782348626,
                102.85723114013672,
                -6.288923501968384,
                1.0
            ],
            "parent": "L_ring01_JNT",
            "isLocator": false,
            "children": [
                "L_ring03_JNT",
                "L_ring04End_JNT"
            ]
        },
        "L_ring01_JNT": {
            "joint_matrix": [
                0.8855547368674299,
                -0.4599615964836347,
                0.06502413222706539,
                0.0,
                0.45872662180821466,
                0.8879388096936782,
                0.033683181028478934,
                0.0,
                -0.07323042029157123,
                -3.081290785951775e-16,
                0.997315048289115,
                0.0,
                60.266084671020494,
                104.40607833862305,
                -6.507881879806519,
                1.0
            ],
            "parent": "L_ring00_JNT",
            "isLocator": false,
            "children": [
                "L_ring02_JNT",
                "L_ring03_JNT",
                "L_ring04End_JNT"
            ]
        },
        "L_ring00_JNT": {
            "joint_matrix": [
                0.8780499122948962,
                -0.4752236887881226,
                -0.05648714131140525,
                0.0,
                0.47424333378351125,
                0.8798650155646658,
                -0.03050925674760999,
                0.0,
                0.0641997810029462,
                2.9837243786801077e-16,
                0.9979370662116793,
                0.0,
                55.96386909484863,
                106.73455047607422,
                -6.231109619140625,
                1.0
            ],
            "parent": "C_guides_GRP",
            "isLocator": false,
            "children": [
                "L_ring01_JNT",
                "L_ring02_JNT",
                "L_ring03_JNT",
                "L_ring04End_JNT"
            ]
        },
        "L_middle04End_JNT": {
            "joint_matrix": [
                0.8987365720543022,
                -0.43651341378370623,
                -0.04157659965625585,
                0.0,
                0.4360470720174294,
                0.8996977490173546,
                -0.020172044966534537,
                0.0,
                0.046211741333869544,
                -2.7329883989878644e-15,
                0.998931666813547,
                0.0,
                67.55514144897462,
                100.9419250488281,
                -4.864571809768677,
                1.0
            ],
            "parent": "L_middle03_JNT",
            "isLocator": false,
            "children": []
        },
        "L_middle03_JNT": {
            "joint_matrix": [
                0.8987365720543022,
                -0.43651341378370623,
                -0.04157659965625585,
                0.0,
                0.4360470720174294,
                0.8996977490173546,
                -0.020172044966534537,
                0.0,
                0.046211741333869544,
                -2.7329883989878644e-15,
                0.998931666813547,
                0.0,
                65.75477600097656,
                101.81635665893552,
                -4.781284809112548,
                1.0
            ],
            "parent": "L_middle02_JNT",
            "isLocator": false,
            "children": [
                "L_middle04End_JNT"
            ]
        },
        "L_middle02_JNT": {
            "joint_matrix": [
                0.867498960623426,
                -0.4974389934763358,
                3.296248446589545e-05,
                0.0,
                0.4974389931172388,
                0.8674989612496662,
                1.8901261933816638e-05,
                0.0,
                -3.799714574614921e-05,
                1.299899968908379e-15,
                0.9999999992781083,
                0.0,
                63.82218551635742,
                102.92453765869142,
                -4.781358242034914,
                1.0
            ],
            "parent": "L_middle01_JNT",
            "isLocator": false,
            "children": [
                "L_middle03_JNT",
                "L_middle04End_JNT"
            ]
        },
        "L_middle01_JNT": {
            "joint_matrix": [
                0.9044117135601422,
                -0.42596781849822213,
                -0.02430781724205179,
                0.0,
                0.42581404866301154,
                0.9047383144334419,
                -0.011444577639597206,
                0.0,
                0.02686723536990286,
                1.5641441745359142e-15,
                0.9996390106751427,
                0.0,
                60.54981040954589,
                104.46578979492188,
                -4.693406820297241,
                1.0
            ],
            "parent": "L_middle00_JNT",
            "isLocator": false,
            "children": [
                "L_middle02_JNT",
                "L_middle03_JNT",
                "L_middle04End_JNT"
            ]
        },
        "L_middle00_JNT": {
            "joint_matrix": [
                0.9012216443282287,
                -0.4281740696247549,
                0.06683198257794785,
                0.0,
                0.42700157975294184,
                0.9036962797870618,
                0.03166519836534282,
                0.0,
                -0.07395403087604917,
                1.102937186026054e-14,
                0.9972616513820154,
                0.0,
                55.76074028015137,
                106.74109649658203,
                -5.048550367355347,
                1.0
            ],
            "parent": "C_guides_GRP",
            "isLocator": false,
            "children": [
                "L_middle01_JNT",
                "L_middle02_JNT",
                "L_middle03_JNT",
                "L_middle04End_JNT"
            ]
        },
        "L_thumb03End_JNT": {
            "joint_matrix": [
                0.8577583837776102,
                -0.36929797839069106,
                0.3575885319970015,
                0.0,
                0.3408637415525436,
                0.9293110368205839,
                0.14210174713300355,
                0.0,
                -0.38478885736728735,
                -3.4922314818127054e-16,
                0.9230046236319606,
                0.0,
                61.735528945922844,
                103.15143966674803,
                1.4916931390762376,
                1.0
            ],
            "parent": "L_thumb02_JNT",
            "isLocator": false,
            "children": []
        },
        "L_thumb02_JNT": {
            "joint_matrix": [
                0.8577583837776102,
                -0.36929797839069106,
                0.3575885319970015,
                0.0,
                0.3408637415525436,
                0.9293110368205839,
                0.14210174713300355,
                0.0,
                -0.38478885736728735,
                -3.4922314818127054e-16,
                0.9230046236319606,
                0.0,
                59.81187057495118,
                103.97964859008788,
                0.6897444948554072,
                1.0
            ],
            "parent": "L_thumb01_JNT",
            "isLocator": false,
            "children": [
                "L_thumb03End_JNT"
            ]
        },
        "L_thumb01_JNT": {
            "joint_matrix": [
                0.7894314713135068,
                -0.3840499536221993,
                0.478856539291862,
                0.0,
                0.3283624778402738,
                0.9233123161329467,
                0.19917944177000074,
                0.0,
                -0.5186289957632407,
                -3.53203378300219e-16,
                0.8549993945925414,
                0.0,
                57.67662811279297,
                105.0184211730957,
                -0.6054595261812237,
                1.0
            ],
            "parent": "L_thumb00_JNT",
            "isLocator": false,
            "children": [
                "L_thumb02_JNT",
                "L_thumb03End_JNT"
            ]
        },
        "L_thumb00_JNT": {
            "joint_matrix": [
                0.6333308499203105,
                -0.4021353591487193,
                0.6611952718082214,
                0.0,
                0.27816757194310276,
                0.915580227463618,
                0.2904060071640188,
                0.0,
                -0.7221598413498883,
                9.992007221626409e-16,
                0.6917262200766312,
                0.0,
                55.411245346069336,
                106.45683288574219,
                -2.970511496067047,
                1.0
            ],
            "parent": "C_guides_GRP",
            "isLocator": false,
            "children": [
                "L_thumb01_JNT",
                "L_thumb02_JNT",
                "L_thumb03End_JNT"
            ]
        },
        "L_index04End_JNT": {
            "joint_matrix": [
                0.9251279765281738,
                -0.3774585878926644,
                -0.040782857562492676,
                0.0,
                0.3770923539741583,
                0.926026465294635,
                -0.016623541985760267,
                0.0,
                0.04404070411692914,
                -1.5624444215303285e-14,
                0.9990297374857693,
                0.0,
                66.99461746215822,
                101.01538848876953,
                -3.2841475009918217,
                1.0
            ],
            "parent": "L_index03_JNT",
            "isLocator": false,
            "children": []
        },
        "L_index03_JNT": {
            "joint_matrix": [
                0.9251279765281738,
                -0.3774585878926644,
                -0.040782857562492676,
                0.0,
                0.3770923539741583,
                0.926026465294635,
                -0.016623541985760267,
                0.0,
                0.04404070411692914,
                -1.5624444215303285e-14,
                0.9990297374857693,
                0.0,
                65.3910598754883,
                101.66965103149414,
                -3.213457107543946,
                1.0
            ],
            "parent": "L_index02_JNT",
            "isLocator": false,
            "children": [
                "L_index04End_JNT"
            ]
        },
        "L_index02_JNT": {
            "joint_matrix": [
                0.8533127789303111,
                -0.5212448349757447,
                -0.0126934363093157,
                0.0,
                0.5211871740490079,
                0.8534071841806282,
                -0.0077529088541296275,
                0.0,
                0.014873833434562032,
                8.745189106279954e-14,
                0.9998893784209135,
                0.0,
                63.44332695007324,
                102.85942077636716,
                -3.1844836473464966,
                1.0
            ],
            "parent": "L_index01_JNT",
            "isLocator": false,
            "children": [
                "L_index03_JNT",
                "L_index04End_JNT"
            ]
        },
        "L_index01_JNT": {
            "joint_matrix": [
                0.9080683066901598,
                -0.41846556353848213,
                -0.017277804180115222,
                0.0,
                0.41838983634046145,
                0.9082326640968275,
                -0.007960698121478899,
                0.0,
                0.01902354414581374,
                1.9350276926079038e-15,
                0.9998190360100833,
                0.0,
                60.58923149108885,
                104.17467498779294,
                -3.1301788091659533,
                1.0
            ],
            "parent": "L_index00_JNT",
            "isLocator": false,
            "children": [
                "L_index02_JNT",
                "L_index03_JNT",
                "L_index04End_JNT"
            ]
        },
        "L_index00_JNT": {
            "joint_matrix": [
                0.8962461354854703,
                -0.4302176576112536,
                0.10796125095072874,
                0.0,
                0.4271298925708929,
                0.9027251891242906,
                0.05145180067686013,
                0.0,
                -0.11959481384967148,
                -6.245004513516506e-16,
                0.9928227840356316,
                0.0,
                55.76029014587402,
                106.49267196655273,
                -3.7118700742721558,
                1.0
            ],
            "parent": "C_guides_GRP",
            "isLocator": false,
            "children": [
                "L_index01_JNT",
                "L_index02_JNT",
                "L_index03_JNT",
                "L_index04End_JNT"
            ]
        },
        "L_pinky03End_JNT": {
            "joint_matrix": [
                0.8885300574784891,
                -0.45440688555923875,
                -0.06347219323157156,
                0.0,
                0.4532518924242787,
                0.8907942424355656,
                -0.03237807371443151,
                0.0,
                0.07125348392242387,
                -2.7414721060136436e-15,
                0.9974582402431276,
                0.0,
                64.9976577758789,
                101.62133026123047,
                -7.7725071907043555,
                1.0
            ],
            "parent": "L_pinky03_JNT",
            "isLocator": false,
            "children": []
        },
        "L_pinky03_JNT": {
            "joint_matrix": [
                0.8885300574784891,
                -0.45440688555923875,
                -0.06347219323157156,
                0.0,
                0.4532518924242787,
                0.8907942424355656,
                -0.03237807371443151,
                0.0,
                0.07125348392242387,
                -2.7414721060136436e-15,
                0.9974582402431276,
                0.0,
                63.41109657287596,
                102.43272018432617,
                -7.65917110443115,
                1.0
            ],
            "parent": "L_pinky02_JNT",
            "isLocator": false,
            "children": [
                "L_pinky03End_JNT"
            ]
        },
        "L_pinky02_JNT": {
            "joint_matrix": [
                0.8540269164459117,
                -0.5197245807301527,
                -0.022899479704902206,
                0.0,
                0.5195378493661519,
                0.8543338692717662,
                -0.013930645754113673,
                0.0,
                0.026803900124456347,
                -2.719879376903418e-15,
                0.9996407109247393,
                0.0,
                62.346561431884766,
                103.08055114746092,
                -7.6306271553039595,
                1.0
            ],
            "parent": "L_pinky01_JNT",
            "isLocator": false,
            "children": [
                "L_pinky03_JNT",
                "L_pinky03End_JNT"
            ]
        },
        "L_pinky01_JNT": {
            "joint_matrix": [
                0.9010226911351814,
                -0.43201144043147466,
                0.039041329329805335,
                0.0,
                0.43160646192279845,
                0.9018681252468804,
                0.018701515718290304,
                0.0,
                -0.04328939923352809,
                -7.719466330734487e-16,
                0.9990625745737852,
                0.0,
                59.69350242614745,
                104.3526077270508,
                -7.745584249496451,
                1.0
            ],
            "parent": "L_pinky00_JNT",
            "isLocator": false,
            "children": [
                "L_pinky02_JNT",
                "L_pinky03_JNT",
                "L_pinky03End_JNT"
            ]
        },
        "L_pinky00_JNT": {
            "joint_matrix": [
                0.8440535319233455,
                -0.5206656696267308,
                -0.12837794093953264,
                0.0,
                0.5147457820709219,
                0.853760657603844,
                -0.07829124707173137,
                0.0,
                0.15036759986087767,
                3.78169717762944e-15,
                0.9886301557772142,
                0.0,
                55.89969062805176,
                106.69287109375,
                -7.168557167053223,
                1.0
            ],
            "parent": "C_guides_GRP",
            "isLocator": false,
            "children": [
                "L_pinky01_JNT",
