{
    "vitorio": {
        "C_throat_JNT": {
            "joint_matrix": [
                1.0,
                0.0,
                0.0,
                0.0,
                0.0,
                1.0,
                0.0,
                0.0,
                0.0,
                0.0,
                1.0,
                0.0,
                3.580050389473399e-08,
                144.00656127929688,
                5.463881015777588,
                1.0
            ],
            "parent": "C_guides_GRP",
            "isLocator": false,
            "children": []
        },
        "R_nose_JNT": {
            "joint_matrix": [
                1.0,
                0.0,
                0.0,
                0.0,
                0.0,
                1.0,
                0.0,
                0.0,
                0.0,
                0.0,
                1.0,
                0.0,
                -3.12403,
                157.521,
                8.86396,
                1.0
            ],
            "parent": "C_guides_GRP",
            "isLocator": false,
            "children": []
        },
        "R_nosetril_JNT": {
            "joint_matrix": [
                1.0,
                0.0,
                0.0,
                0.0,
                0.0,
                1.0,
                0.0,
                0.0,
                0.0,
                0.0,
                1.0,
                0.0,
                -1.28263,
                156.386,
                10.0204,
                1.0
            ],
            "parent": "C_guides_GRP",
            "isLocator": false,
            "children": []
        },
        "C_noseTip_JNT": {
            "joint_matrix": [
                1.0,
                0.0,
                0.0,
                0.0,
                0.0,
                1.0,
                0.0,
                0.0,
                0.0,
                0.0,
                1.0,
                0.0,
                -1.0733753126504051e-14,
                156.9728240966797,
                11.590887069702148,
                1.0
            ],
            "parent": "C_guides_GRP",
            "isLocator": false,
            "children": []
        },
        "L_nosetril_JNT": {
            "joint_matrix": [
                1.0,
                0.0,
                0.0,
                0.0,
                0.0,
                1.0,
                0.0,
                0.0,
                0.0,
                0.0,
                1.0,
                0.0,
                1.2826325893402093,
                156.38575744628906,
                10.020379066467285,
                1.0
            ],
            "parent": "C_guides_GRP",
            "isLocator": false,
            "children": []
        },
        "L_nose_JNT": {
            "joint_matrix": [
                1.0,
                0.0,
                0.0,
                0.0,
                0.0,
                1.0,
                0.0,
                0.0,
                0.0,
                0.0,
                1.0,
                0.0,
                3.1240296363830566,
                157.5207061767578,
                8.863962173461914,
                1.0
            ],
            "parent": "C_guides_GRP",
            "isLocator": false,
            "children": []
        },
        "C_noseMain_JNT": {
            "joint_matrix": [
                1.0,
                0.0,
                0.0,
                0.0,
                0.0,
                1.0,
                0.0,
                0.0,
                0.0,
                0.0,
                1.0,
                0.0,
                0.0,
                162.92681884765625,
                8.00564956665039,
                1.0
            ],
            "parent": "C_guides_GRP",
            "isLocator": false,
            "children": []
        },
        "R_ear02_JNT": {
            "joint_matrix": [
                -0.3211412396326306,
                0.7542176658191578,
                -0.5727338097000373,
                0.0,
                0.36887201463617214,
                0.6566244836786861,
                0.6578584378511463,
                0.0,
                0.8722394975151428,
                2.5279136582523505e-16,
                -0.4890789905266133,
                0.0,
                -10.968200000000007,
                163.00999999999993,
                -4.711129999999985,
                1.0
            ],
            "parent": "R_ear01_JNT",
            "isLocator": false,
            "children": []
        },
        "R_ear01_JNT": {
            "joint_matrix": [
                -0.3211412396326306,
                0.7542176658191578,
                -0.5727338097000373,
                0.0,
                0.36887201463617214,
                0.6566244836786861,
                0.6578584378511463,
                0.0,
                0.8722394975151428,
                2.5279136582523505e-16,
                -0.4890789905266133,
                0.0,
                -10.096600000000045,
                160.96299999999985,
                -3.1566900000000464,
                1.0
            ],
            "parent": "R_ear00_JNT",
            "isLocator": false,
            "children": [
                "R_ear02_JNT"
            ]
        },
        "R_ear00_JNT": {
            "joint_matrix": [
                -0.23867340200932596,
                0.6209502100271608,
                -0.7466296564164323,
                0.0,
                0.1890722681596636,
                0.7838500090369489,
                0.5914649953680566,
                0.0,
                0.952515976026783,
                -8.326672684688674e-16,
                -0.3044886129459443,
                0.0,
                -9.44279,
                159.262,
                -1.11141,
                1.0
            ],
            "parent": "C_guides_GRP",
            "isLocator": false,
            "children": [
                "R_ear01_JNT",
                "R_ear02_JNT"
            ]
        },
        "L_ear02_JNT": {
            "joint_matrix": [
                0.32118380871701735,
                0.7541576062629611,
                -0.572789023929187,
                0.0,
                -0.36885278419880946,
                0.6566934634330698,
                0.657800363843823,
                0.0,
                0.8722319557358678,
                3.1581485218587683e-16,
                0.4890924405398055,
                0.0,
                10.96823839418702,
                163.009632786684,
                -4.711134120615528,
                1.0
            ],
            "parent": "L_ear01_JNT",
            "isLocator": false,
            "children": []
        },
        "L_ear01_JNT": {
            "joint_matrix": [
                0.32118380871701735,
                0.7541576062629611,
                -0.572789023929187,
                0.0,
                -0.36885278419880946,
                0.6566934634330698,
                0.657800363843823,
                0.0,
                0.8722319557358678,
                3.1581485218587683e-16,
                0.4890924405398055,
                0.0,
                10.09660496572571,
                160.96298858449669,
                -3.156690692390594,
                1.0
            ],
            "parent": "L_ear00_JNT",
            "isLocator": false,
            "children": [
                "L_ear02_JNT"
            ]
        },
        "L_ear00_JNT": {
            "joint_matrix": [
                0.23868684550882036,
                0.6208983270107892,
                -0.7466685056276657,
                0.0,
                -0.18905720673036924,
                0.7838911069244269,
                0.5914153405755613,
                0.0,
                0.9525155969139607,
                1.665334536937734e-16,
                0.3044897989024281,
                0.0,
                9.442790898313863,
                159.26221592663708,
                -1.1114067487695027,
                1.0
            ],
            "parent": "C_guides_GRP",
            "isLocator": false,
            "children": [
                "L_ear01_JNT",
                "L_ear02_JNT"
            ]
        },
        "R_eyeEnd_JNT": {
            "joint_matrix": [
                0.0,
                0.0,
                1.0,
                0.0,
                0.0,
                1.0,
                0.0,
                0.0,
                -1.0,
                0.0,
                0.0,
                0.0,
                -3.5928,
                162.337,
                6.56911,
                1.0
            ],
            "parent": "R_eye_JNT",
            "isLocator": false,
            "children": []
        },
        "R_eye_JNT": {
            "joint_matrix": [
                1.0,
                0.0,
                0.0,
                0.0,
                0.0,
                1.0,
                0.0,
                0.0,
                0.0,
                0.0,
                1.0,
                0.0,
                -3.5928,
                162.337,
                4.83475,
                1.0
            ],
            "parent": "C_guides_GRP",
            "isLocator": false,
            "children": [
                "R_eyeEnd_JNT"
            ]
        },
        "R_eyebrow06_JNT": {
            "joint_matrix": [
                1.0,
                0.0,
                0.0,
                0.0,
                0.0,
                1.0,
                0.0,
                0.0,
                0.0,
                0.0,
                1.0,
                0.0,
                -6.9881,
                164.541,
                5.30444,
                1.0
            ],
            "parent": "R_eyebrowMain_JNT",
            "isLocator": false,
            "children": []
        },
        "R_eyebrow05_JNT": {
            "joint_matrix": [
                1.0,
                0.0,
                0.0,
                0.0,
                0.0,
                1.0,
                0.0,
                0.0,
                0.0,
                0.0,
                1.0,
                0.0,
                -6.37917,
                165.074,
                6.24467,
                1.0
            ],
            "parent": "R_eyebrowMain_JNT",
            "isLocator": false,
            "children": []
        },
        "R_eyebrow04_JNT": {
            "joint_matrix": [
                1.0,
                0.0,
                0.0,
                0.0,
                0.0,
                1.0,
                0.0,
                0.0,
                0.0,
                0.0,
                1.0,
                0.0,
                -5.35797,
                165.54,
                7.14578,
                1.0
            ],
            "parent": "R_eyebrowMain_JNT",
            "isLocator": false,
            "children": []
        },
        "R_eyebrow03_JNT": {
            "joint_matrix": [
                1.0,
                0.0,
                0.0,
                0.0,
                0.0,
                1.0,
                0.0,
                0.0,
                0.0,
                0.0,
                1.0,
                0.0,
                -4.24306,
                165.51,
                7.78562,
                1.0
            ],
            "parent": "R_eyebrowMain_JNT",
            "isLocator": false,
            "children": []
        },
        "R_eyebrow02_JNT": {
            "joint_matrix": [
                1.0,
                0.0,
                0.0,
                0.0,
                0.0,
                1.0,
                0.0,
                0.0,
                0.0,
                0.0,
                1.0,
                0.0,
                -3.13719,
                165.425,
                8.22001,
                1.0
            ],
            "parent": "R_eyebrowMain_JNT",
            "isLocator": false,
            "children": []
        },
        "R_eyebrow01_JNT": {
            "joint_matrix": [
                1.0,
                0.0,
                0.0,
                0.0,
                0.0,
                1.0,
                0.0,
                0.0,
                0.0,
                0.0,
                1.0,
                0.0,
                -2.09359,
                165.328,
                8.46741,
                1.0
            ],
            "parent": "R_eyebrowMain_JNT",
            "isLocator": false,
            "children": []
        },
        "R_eyebrow00_JNT": {
            "joint_matrix": [
                1.0,
                0.0,
                0.0,
                0.0,
                0.0,
                1.0,
                0.0,
                0.0,
                0.0,
                0.0,
                1.0,
                0.0,
                -1.17624,
                165.25,
                8.61562,
                1.0
            ],
            "parent": "R_eyebrowMain_JNT",
            "isLocator": false,
            "children": []
        },
        "R_eyebrowMain_JNT": {
            "joint_matrix": [
                1.0,
                0.0,
                0.0,
                0.0,
                0.0,
                1.0,
                0.0,
                0.0,
                0.0,
                0.0,
                1.0,
                0.0,
                -4.24306,
                165.51,
                7.78562,
                1.0
            ],
            "parent": "C_guides_GRP",
            "isLocator": false,
            "children": [
                "R_eyebrow00_JNT",
                "R_eyebrow01_JNT",
                "R_eyebrow02_JNT",
                "R_eyebrow03_JNT",
                "R_eyebrow04_JNT",
                "R_eyebrow05_JNT",
                "R_eyebrow06_JNT"
            ]
        },
        "R_clavicle_JNT": {
            "joint_matrix": [
                1.0,
                0.0,
                0.0,
                0.0,
                0.0,
                -1.0,
                -1.2246467991473532e-16,
                0.0,
                0.0,
                1.2246467991473532e-16,
                -1.0,
                0.0,
                -6.46415,
                133.207,
                -6.40683,
                1.0
            ],
            "parent": "C_guides_GRP",
            "isLocator": false,
            "children": []
        },
        "R_wrist_JNT": {
            "joint_matrix": [
                0.5102677384301381,
                0.8589265965301022,
                -0.043265885991246006,
                0.0,
                0.8577794724102353,
                -0.511922030007094,
                -0.0463703774519299,
                0.0,
                -0.06197751067129648,
                -0.013451281226384252,
                -0.9979868993149951,
                0.0,
                -66.1112999999999,
                73.62839999999967,
                -6.026639999999992,
                1.0
            ],
            "parent": "R_elbow_JNT",
            "isLocator": false,
            "children": []
        },
        "R_elbow_JNT": {
            "joint_matrix": [
                0.5102677384301381,
                0.8589265965301022,
                -0.043265885991246006,
                0.0,
                0.8577794748536836,
                -0.51192202947678,
                -0.046370338106528894,
                0.0,
                -0.0619774768535406,
                -0.013451301408790993,
                -0.9979869011431356,
                0.0,
                -51.6254999999999,
                98.01219999999986,
                -7.254900000000043,
                1.0
            ],
            "parent": "R_shoulder_JNT",
            "isLocator": false,
            "children": [
                "R_wrist_JNT"
            ]
        },
        "R_shoulder_JNT": {
            "joint_matrix": [
                0.513187655604459,
                0.8580273612434918,
                0.020675528837972416,
                0.0,
                0.8577794764532952,
                -0.5119220291296076,
                -0.046370312348917836,
                0.0,
                -0.029202738068715914,
                0.04153171618601863,
                -0.9987103266913455,
                0.0,
                -30.5753,
                133.207,
                -6.40683,
                1.0
            ],
            "parent": "C_guides_GRP",
            "isLocator": false,
            "children": [
                "R_elbow_JNT",
                "R_wrist_JNT"
            ]
        },
        "R_pinky03End_JNT": {
            "joint_matrix": [
                0.45947533959306225,
                0.8865726181032153,
                0.053585493703527484,
                0.0,
                0.8420422656769165,
                -0.4540025874243328,
                0.2912841798410891,
                0.0,
                0.28257253072357386,
                -0.08871664692503657,
                -0.9551346090676716,
                0.0,
                -76.47150000000002,
                53.439200000000056,
                -12.768099999999954,
                1.0
            ],
            "parent": "R_pinky03_JNT",
            "isLocator": false,
            "children": []
        },
        "R_pinky03_JNT": {
            "joint_matrix": [
                0.45947533959306225,
                0.8865726181032153,
                0.053585493703527484,
                0.0,
                0.8420422330612881,
                -0.4540025771843086,
                0.2912842900864467,
                0.0,
                0.2825726279153724,
                -0.08871669932778425,
                -0.9551345754465097,
                0.0,
                -74.66129999999978,
                56.931999999999924,
                -12.556999999999897,
                1.0
            ],
            "parent": "R_pinky02_JNT",
            "isLocator": false,
            "children": [
                "R_pinky03End_JNT"
            ]
        },
        "R_pinky02_JNT": {
            "joint_matrix": [
                0.45630242060693094,
                0.8875049630339877,
                0.06421091447951738,
                0.0,
                0.8420422167540452,
                -0.4540025720644749,
                0.29128434520717883,
                0.0,
                0.28766822235378936,
                -0.07884545103480332,
                -0.9544791190481484,
                0.0,
                -73.49469999999995,
                59.201,
                -12.392799999999925,
                1.0
            ],
            "parent": "R_pinky01_JNT",
            "isLocator": false,
            "children": [
                "R_pinky03_JNT",
                "R_pinky03End_JNT"
            ]
        },
        "R_pinky01_JNT": {
            "joint_matrix": [
                0.45953893772945587,
                0.8865526245957542,
                0.053370483723338524,
                0.0,
                0.8420422071693275,
                -0.45400256943745065,
                0.2912843770091355,
                0.0,
                0.2824692656837035,
                -0.08891631327586981,
                -0.9551465872720988,
                0.0,
                -71.96900000000007,
                62.14430000000016,
                -12.215599999999993,
                1.0
            ],
            "parent": "R_pinky00_JNT",
            "isLocator": false,
            "children": [
                "R_pinky02_JNT",
                "R_pinky03_JNT",
                "R_pinky03End_JNT"
            ]
        },
        "R_pinky00_JNT": {
            "joint_matrix": [
                0.4501229150015009,
                0.8889726588597427,
                0.08436215496531131,
                0.0,
                0.8420422012167327,
                -0.4540025675636794,
                0.29128439713734483,
                0.0,
                0.297244499966999,
                -0.060077287267538665,
                -0.9529094536176785,
                0.0,
                -69.4098,
                67.1987,
                -11.736,
                1.0
            ],
            "parent": "C_guides_GRP",
            "isLocator": false,
            "children": [
                "R_pinky01_JNT",
                "R_pinky02_JNT",
                "R_pinky03_JNT",
                "R_pinky03End_JNT"
            ]
        },
        "R_ring04End_JNT": {
            "joint_matrix": [
                0.4827121586834089,
                0.8757676207246291,
                0.0044773149906329555,
                0.0,
                0.8651462933526031,
                -0.47763957443402644,
                0.15291281186589212,
                0.0,
                0.1360546322528382,
                -0.06993934103781661,
                -0.9882295409558148,
                0.0,
                -78.40309999999961,
                50.65369999999993,
                -8.975529999999969,
                1.0
            ],
            "parent": "R_ring03_JNT",
            "isLocator": false,
            "children": []
        },
        "R_ring03_JNT": {
            "joint_matrix": [
                0.4827121586834089,
                0.8757676207246291,
                0.0044773149906329555,
                0.0,
                0.8651462933526031,
                -0.47763957443402644,
                0.15291281186589212,
                0.0,
                0.1360546322528382,
                -0.06993934103781661,
                -0.9882295409558148,
                0.0,
                -76.90780000000024,
                53.366699999999945,
                -8.961660000000034,
                1.0
            ],
            "parent": "R_ring02_JNT",
            "isLocator": false,
            "children": [
                "R_ring04End_JNT"
            ]
        },
        "R_ring02_JNT": {
            "joint_matrix": [
                0.40533439941922456,
                0.9141252575672871,
                -0.00889033885728139,
                0.0,
                0.9039873681031176,
                -0.3993538556878307,
                0.152719796546688,
                0.0,
                0.1360546322528382,
                -0.06993934103781661,
                -0.9882295409558148,
                0.0,
                -75.46140000000001,
                56.628700000000045,
                -8.993379999999997,
                1.0
            ],
            "parent": "R_ring01_JNT",
            "isLocator": false,
            "children": [
                "R_ring03_JNT",
                "R_ring04End_JNT"
            ]
        },
        "R_ring01_JNT": {
            "joint_matrix": [
                0.43848754685412805,
                0.8987314371969145,
                -0.0032365178536770114,
                0.0,
                0.8883793155496101,
                -0.43288600389613463,
                0.15294410526215743,
                0.0,
                0.1360546322528382,
                -0.06993934103781661,
                -0.9882295409558148,
                0.0,
                -72.81090000000002,
                62.06099999999997,
                -9.012950000000018,
                1.0
            ],
            "parent": "R_ring00_JNT",
            "isLocator": false,
            "children": [
                "R_ring02_JNT",
                "R_ring03_JNT",
                "R_ring04End_JNT"
            ]
        },
        "R_ring00_JNT": {
            "joint_matrix": [
                0.43848754685412805,
                0.8987314371969145,
                -0.0032365178536770114,
                0.0,
                0.8883793155496101,
                -0.43288600389613463,
                0.15294410526215743,
                0.0,
                0.1360546322528382,
                -0.06993934103781661,
                -0.9882295409558148,
                0.0,
                -70.3269,
                67.1524,
                -9.03128,
                1.0
            ],
            "parent": "C_guides_GRP",
            "isLocator": false,
            "children": [
                "R_ring01_JNT",
                "R_ring02_JNT",
                "R_ring03_JNT",
                "R_ring04End_JNT"
            ]
        },
        "R_middle04End_JNT": {
            "joint_matrix": [
                0.40301496965598277,
                0.9151798182558584,
                0.004983421551621496,
                0.0,
                0.9137736978730638,
                -0.4026870100588856,
                0.053486456278404045,
                0.0,
                0.05095648446050522,
                -0.017002123014761575,
                -0.9985561398861944,
                0.0,
                -79.13090000000005,
                49.625900000000044,
                -5.426070000000004,
                1.0
            ],
            "parent": "R_middle03_JNT",
            "isLocator": false,
            "children": []
        },
        "R_middle03_JNT": {
            "joint_matrix": [
                0.40301496965598277,
                0.9151798182558584,
                0.004983421551621496,
                0.0,
                0.9137736928939256,
                -0.4026870083975476,
                0.053486553850767685,
                0.0,
                0.05095657374848409,
                -0.01700216236269789,
                -0.9985561346598436,
                0.0,
                -77.1851,
                54.04469999999999,
                -5.402009999999985,
                1.0
            ],
            "parent": "R_middle02_JNT",
            "isLocator": false,
            "children": [
                "R_middle04End_JNT"
            ]
        },
        "R_middle02_JNT": {
            "joint_matrix": [
                0.3824116872479301,
                0.9239843056244187,
                0.0037821179188217984,
                0.0,
                0.92258589000996,
                -0.3820522591976133,
                0.05358494934708357,
                0.0,
                0.05095661890982232,
                -0.017002182264654286,
                -0.9985561320163823,
                0.0,
                -75.89010000000013,
                57.19430000000001,
                -5.38189000000002,
                1.0
            ],
            "parent": "R_middle01_JNT",
            "isLocator": false,
            "children": [
                "R_middle03_JNT",
                "R_middle04End_JNT"
            ]
        },
        "R_middle01_JNT": {
            "joint_matrix": [
                0.41552985706347545,
                0.9095615677625363,
                0.005717721413702629,
                0.0,
                0.9081510661201124,
                -0.41522124219938833,
                0.05341311759577529,
                0.0,
                0.050956638367445746,
                -0.017002190322255285,
                -0.9985561308862588,
                0.0,
                -73.68360000000004,
                62.025200000000034,
                -5.336329999999986,
                1.0
            ],
            "parent": "R_middle00_JNT",
            "isLocator": false,
            "children": [
                "R_middle02_JNT",
                "R_middle03_JNT",
                "R_middle04End_JNT"
            ]
        },
        "R_middle00_JNT": {
            "joint_matrix": [
                0.4007245318622664,
                0.9161857523269082,
                0.004849412020496847,
                0.0,
                0.9147804480755545,
                -0.40039304738345405,
                0.053498966585150104,
                0.0,
                0.05095666180643256,
                -0.01700220103893623,
                -0.998556129507689,
                0.0,
                -71.4695,
                67.0874,
                -5.30954,
                1.0
            ],
            "parent": "C_guides_GRP",
            "isLocator": false,
            "children": [
                "R_middle01_JNT",
                "R_middle02_JNT",
                "R_middle03_JNT",
                "R_middle04End_JNT"
            ]
        },
        "R_index04End_JNT": {
            "joint_matrix": [
                0.4440746562432355,
                0.8956848043509195,
                -0.02337586227944389,
                0.0,
                0.8956365862302941,
                -0.4430160219428938,
                0.03964731652506821,
                0.0,
                0.025155617428270514,
                -0.038542645948987035,
                -0.9989402681617425,
                0.0,
                -78.29309999999998,
                50.659400000000055,
                -1.356920000000009,
                1.0
            ],
            "parent": "R_index03_JNT",
            "isLocator": false,
            "children": []
        },
        "R_index03_JNT": {
            "joint_matrix": [
                0.4440746562432355,
                0.8956848043509195,
                -0.02337586227944389,
                0.0,
                0.8956365862302941,
                -0.4430160219428938,
                0.03964731652506821,
                0.0,
                0.025155617428270514,
                -0.038542645948987035,
                -0.9989402681617425,
                0.0,
                -76.71990000000048,
                53.83249999999998,
                -1.4397300000000155,
                1.0
            ],
            "parent": "R_index02_JNT",
            "isLocator": false,
            "children": [
                "R_index04End_JNT"
            ]
        },
        "R_index02_JNT": {
            "joint_matrix": [
                0.4440746562432355,
                0.8956848043509195,
                -0.02337586227944389,
                0.0,
                0.8956365862302941,
                -0.4430160219428938,
                0.03964731652506821,
                0.0,
                0.025155617428270514,
                -0.038542645948987035,
                -0.9989402681617425,
                0.0,
                -75.34739999999996,
                56.595500000000015,
                -1.5066600000000112,
                1.0
            ],
            "parent": "R_index01_JNT",
            "isLocator": false,
            "children": [
                "R_index03_JNT",
                "R_index04End_JNT"
            ]
        },
        "R_index01_JNT": {
            "joint_matrix": [
                0.4440746562432355,
                0.8956848043509195,
                -0.02337586227944389,
                0.0,
                0.8956365862302941,
                -0.4430160219428938,
                0.03964731652506821,
                0.0,
                0.025155617428270514,
                -0.038542645948987035,
                -0.9989402681617425,
                0.0,
                -73.00979999999997,
                61.419999999999995,
                -1.617470000000011,
                1.0
            ],
            "parent": "R_index00_JNT",
            "isLocator": false,
            "children": [
                "R_index02_JNT",
                "R_index03_JNT",
                "R_index04End_JNT"
            ]
        },
        "R_index00_JNT": {
            "joint_matrix": [
                0.4440746562432355,
                0.8956848043509195,
                -0.02337586227944389,
                0.0,
                0.8956365862302941,
                -0.4430160219428938,
                0.03964731652506821,
                0.0,
                0.025155617428270514,
                -0.038542645948987035,
                -0.9989402681617425,
                0.0,
                -70.2133,
                67.0605,
                -1.76467,
                1.0
            ],
            "parent": "C_guides_GRP",
            "isLocator": false,
            "children": [
                "R_index01_JNT",
                "R_index02_JNT",
                "R_index03_JNT",
                "R_index04End_JNT"
            ]
        },
        "R_thumb03End_JNT": {
            "joint_matrix": [
                0.09998297489670625,
                0.9544953513903401,
                -0.2809662415754529,
                0.0,
                -0.09267918709603479,
                -0.27221956182419305,
                -0.9577614935042348,
                0.0,
                -0.9906634004595216,
                0.12179956623270699,
                0.06124453163754008,
                0.0,
                -64.06950000000022,
                57.26370000000004,
                5.43861999999999,
                1.0
            ],
            "parent": "R_thumb02_JNT",
            "isLocator": false,
            "children": []
        },
        "R_thumb02_JNT": {
            "joint_matrix": [
                -0.032648441087967855,
                0.8647759957178369,
                -0.5010953567184084,
                0.0,
                0.018904705399859084,
                -0.5007386230744476,
                -0.8653920750014128,
                0.0,
                -0.9992880922978468,
                -0.03772676227467664,
                6.661338147750939e-16,
                0.0,
                -64.25210000000001,
                62.10059999999985,
                2.6358699999999606,
                1.0
            ],
            "parent": "R_thumb01_JNT",
            "isLocator": false,
            "children": [
                "R_thumb03End_JNT"
            ]
        },
        "R_thumb01_JNT": {
            "joint_matrix": [
                -0.03626222339932073,
                0.9604961003374597,
                -0.27592080818718695,
                0.0,
                0.01040959873711397,
                -0.27572437803865435,
                -0.9611803720474787,
                0.0,
                -0.9992880922978468,
                -0.03772676227467664,
                6.661338147750939e-16,
                0.0,
                -64.3928,
                65.82879999999972,
                1.5648699999999764,
                1.0
            ],
            "parent": "R_thumb00_JNT",
            "isLocator": false,
            "children": [
                "R_thumb02_JNT",
                "R_thumb03End_JNT"
            ]
        },
        "R_thumb00_JNT": {
            "joint_matrix": [
                -0.031812102180722945,
                0.8426234583479331,
                -0.5375627382888554,
                0.0,
                0.020280501635147274,
                -0.5371800432350771,
                -0.84322375583435,
                0.0,
                -0.9992880922978468,
                -0.03772676227467664,
                6.661338147750939e-16,
                0.0,
                -64.5473,
                69.9209,
                -1.04576,
                1.0
            ],
            "parent": "C_guides_GRP",
            "isLocator": false,
            "children": [
                "R_thumb01_JNT",
                "R_thumb02_JNT",
                "R_thumb03End_JNT"
            ]
        },
        "L_pinky03End_JNT": {
            "joint_matrix": [
                0.45947533990127143,
                -0.8865726179370383,
                -0.053585493810147045,
                0.0,
                0.842042201216732,
                0.4540025675636794,
                -0.2912843971373459,
                0.0,
                0.2825727223082431,
                0.0887167502214371,
                0.9551345427935563,
                0.0,
                76.47147587803117,
                53.439152005428696,
                -12.76807402298194,
                1.0
            ],
            "parent": "L_pinky03_JNT",
            "isLocator": false,
            "children": []
        },
        "L_pinky03_JNT": {
            "joint_matrix": [
                0.45947533990127143,
                -0.8865726179370383,
                -0.053585493810147045,
                0.0,
                0.842042201216732,
                0.4540025675636794,
                -0.2912843971373459,
                0.0,
                0.2825727223082431,
                0.0887167502214371,
                0.9551345427935563,
                0.0,
                74.66126146607762,
                56.93201961085439,
                -12.556960988738119,
                1.0
            ],
            "parent": "L_pinky02_JNT",
            "isLocator": false,
            "children": [
                "L_pinky03End_JNT"
            ]
        },
        "L_pinky02_JNT": {
            "joint_matrix": [
                0.4563024204054731,
                -0.8875049631426071,
                -0.06421091440983001,
                0.0,
                0.842042201216732,
                0.4540025675636794,
                -0.2912843971373459,
                0.0,
                0.28766826815307117,
                0.07884547572832751,
                0.954479103204982,
                0.0,
                73.49468625370837,
                59.20100010660217,
                -12.392800428406423,
                1.0
            ],
            "parent": "L_pinky01_JNT",
            "isLocator": false,
            "children": [
                "L_pinky03_JNT",
                "L_pinky03End_JNT"
            ]
        },
        "L_pinky01_JNT": {
            "joint_matrix": [
                0.45953893772945664,
                -0.8865526245957537,
                -0.053370483723336415,
                0.0,
                0.842042201216732,
                0.4540025675636794,
                -0.2912843971373459,
                0.0,
                0.2824692834284162,
                0.08891632284326112,
                0.955146581133739,
                0.0,
                71.96904057779939,
                62.14430929905941,
                -12.21561316522516,
                1.0
            ],
            "parent": "L_pinky00_JNT",
            "isLocator": false,
            "children": [
                "L_pinky02_JNT",
                "L_pinky03_JNT",
                "L_pinky03End_JNT"
            ]
        },
        "L_pinky00_JNT": {
            "joint_matrix": [
                0.45012291500150103,
                -0.8889726588597425,
                -0.08436215496531131,
                0.0,
                0.842042201216732,
                0.4540025675636794,
                -0.2912843971373459,
                0.0,
                0.2972444999669999,
                0.06007728726753919,
                0.9529094536176781,
                0.0,
                69.40981158254486,
                67.19867229879428,
                -11.73596179797399,
                1.0
            ],
            "parent": "C_guides_GRP",
            "isLocator": false,
            "children": [
                "L_pinky01_JNT",
                "L_pinky02_JNT",
                "L_pinky03_JNT",
                "L_pinky03End_JNT"
            ]
        },
        "L_index04End_JNT": {
            "joint_matrix": [
                0.4440746562432355,
                -0.8956848043509195,
                0.023375862279443792,
                0.0,
                0.8956365862302941,
                0.4430160219428936,
                -0.03964731652506788,
                0.0,
                0.025155617428270258,
                0.0385426459489868,
                0.9989402681617423,
                0.0,
                78.29310078094203,
                50.65943395840013,
                -1.3569205280211531,
                1.0
            ],
            "parent": "L_index03_JNT",
            "isLocator": false,
            "children": []
        },
        "L_index03_JNT": {
            "joint_matrix": [
                0.4440746562432355,
                -0.8956848043509195,
                0.023375862279443792,
                0.0,
