{
    "yuna": {
        "R_eyeEnd_JNT": {
            "joint_matrix": [
                0.0,
                1.2246467991473532e-16,
                -1.0,
                0.0,
                0.0,
                -1.0,
                -1.2246467991473532e-16,
                0.0,
                -1.0,
                0.0,
                0.0,
                0.0,
                -4.09372,
                149.297,
                6.24662,
                1.0
            ],
            "parent": "R_eye_JNT",
            "isLocator": false,
            "children": []
        },
        "R_eye_JNT": {
            "joint_matrix": [
                1.0,
                0.0,
                0.0,
                0.0,
                0.0,
                -1.0,
                -1.2246467991473532e-16,
                0.0,
                0.0,
                1.2246467991473532e-16,
                -1.0,
                0.0,
                -4.09372,
                149.297,
                4.51227,
                1.0
            ],
            "parent": "C_guides_GRP",
            "isLocator": false,
            "children": [
                "R_eyeEnd_JNT"
            ]
        },
        "R_pinky03End_JNT": {
            "joint_matrix": [
                0.8885300574784883,
                0.45440688555924047,
                0.06347219323157105,
                0.0,
                0.4532518924242802,
                -0.8907942424355649,
                0.0323780737144361,
                0.0,
                0.07125348392242553,
                -1.4852333583311384e-15,
                -0.9974582402431279,
                0.0,
                -64.99770000000002,
                101.621,
                -7.772510000000005,
                1.0
            ],
            "parent": "R_pinky03_JNT",
            "isLocator": false,
            "children": []
        },
        "R_pinky03_JNT": {
            "joint_matrix": [
                0.8885300574784883,
                0.45440688555924047,
                0.06347219323157105,
                0.0,
                0.4532518924242802,
                -0.8907942424355649,
                0.0323780737144361,
                0.0,
                0.07125348392242553,
                -1.4852333583311384e-15,
                -0.9974582402431279,
                0.0,
                -63.411100000000104,
                102.43300000000004,
                -7.659170000000005,
                1.0
            ],
            "parent": "R_pinky02_JNT",
            "isLocator": false,
            "children": [
                "R_pinky03End_JNT"
            ]
        },
        "R_pinky02_JNT": {
            "joint_matrix": [
                0.8540269164459104,
                0.5197245807301545,
                0.022899479704901977,
                0.0,
                0.5195378493661535,
                -0.8543338692717654,
                0.013930645754118263,
                0.0,
                0.0268039001244586,
                -1.2748595422039027e-15,
                -0.9996407109247396,
                0.0,
                -62.3466,
                103.08099999999999,
                -7.6306299999999965,
                1.0
            ],
            "parent": "R_pinky01_JNT",
            "isLocator": false,
            "children": [
                "R_pinky03_JNT",
                "R_pinky03End_JNT"
            ]
        },
        "R_pinky01_JNT": {
            "joint_matrix": [
                0.9010226911351812,
                0.43201144043147494,
                -0.039041329329804836,
                0.0,
                0.43160646192279883,
                -0.9018681252468804,
                -0.018701515718289,
                0.0,
                -0.04328939923352698,
                -1.9634389867898816e-16,
                -0.9990625745737857,
                0.0,
                -59.69350000000002,
                104.35300000000007,
                -7.745580000000004,
                1.0
            ],
            "parent": "R_pinky00_JNT",
            "isLocator": false,
            "children": [
                "R_pinky02_JNT",
                "R_pinky03_JNT",
                "R_pinky03End_JNT"
            ]
        },
        "R_pinky00_JNT": {
            "joint_matrix": [
                0.8440535319233455,
                0.5206656696267307,
                0.12837794093953306,
                0.0,
                0.5147457820709218,
                -0.8537606576038443,
                0.07829124707173135,
                0.0,
                0.15036759986087803,
                -3.580469254416131e-15,
                -0.9886301557772146,
                0.0,
                -55.8997,
                106.693,
                -7.16856,
                1.0
            ],
            "parent": "C_guides_GRP",
            "isLocator": false,
            "children": [
                "R_pinky01_JNT",
                "R_pinky02_JNT",
                "R_pinky03_JNT",
                "R_pinky03End_JNT"
            ]
        },
        "R_ring04End_JNT": {
            "joint_matrix": [
                0.9126938192527939,
                0.4053000559685581,
                0.05217141870442309,
                0.0,
                0.40463951609130655,
                -0.9141837149238026,
                0.023130010495233565,
                0.0,
                0.05706885591232615,
                1.0276988653709034e-13,
                -0.9983702447914095,
                0.0,
                -66.87760000000004,
                101.046,
                -6.485870000000001,
                1.0
            ],
            "parent": "R_ring03_JNT",
            "isLocator": false,
            "children": []
        },
        "R_ring03_JNT": {
            "joint_matrix": [
                0.9126938192527939,
                0.4053000559685581,
                0.05217141870442309,
                0.0,
                0.40463951609130655,
                -0.9141837149238026,
                0.023130010495233565,
                0.0,
                0.05706885591232615,
                1.0276988653709034e-13,
                -0.9983702447914095,
                0.0,
                -65.20400000000001,
                101.78899999999999,
                -6.39021,
                1.0
            ],
            "parent": "R_ring02_JNT",
            "isLocator": false,
            "children": [
                "R_ring04End_JNT"
            ]
        },
        "R_ring02_JNT": {
            "joint_matrix": [
                0.8767633152204009,
                0.4787742659509966,
                0.04540144652780073,
                0.0,
                0.47813364210450837,
                -0.8779380401048157,
                0.024759200810879553,
                0.0,
                0.05171372517630313,
                -3.944720583752737e-15,
                -0.9986619501254618,
                0.0,
                -63.24800000000003,
                102.85699999999997,
                -6.288919999999993,
                1.0
            ],
            "parent": "R_ring01_JNT",
            "isLocator": false,
            "children": [
                "R_ring03_JNT",
                "R_ring04End_JNT"
            ]
        },
        "R_ring01_JNT": {
            "joint_matrix": [
                0.8855547368674297,
                0.45996159648363544,
                -0.06502413222706571,
                0.0,
                0.4587266218082148,
                -0.8879388096936782,
                -0.03368318102848593,
                0.0,
                -0.07323042029157471,
                6.339637843372293e-15,
                -0.997315048289115,
                0.0,
                -60.266100000000016,
                104.40600000000008,
                -6.5078800000000046,
                1.0
            ],
            "parent": "R_ring00_JNT",
            "isLocator": false,
            "children": [
                "R_ring02_JNT",
                "R_ring03_JNT",
                "R_ring04End_JNT"
            ]
        },
        "R_ring00_JNT": {
            "joint_matrix": [
                0.8780499122948962,
                0.47522368878812277,
                0.05648714131140535,
                0.0,
                0.47424333378351186,
                -0.8798650155646661,
                0.030509256747603165,
                0.0,
                0.06419978100294305,
                5.776629175002769e-15,
                -0.9979370662116798,
                0.0,
                -55.9639,
                106.735,
                -6.23111,
                1.0
            ],
            "parent": "C_guides_GRP",
            "isLocator": false,
            "children": [
                "R_ring01_JNT",
                "R_ring02_JNT",
                "R_ring03_JNT",
                "R_ring04End_JNT"
            ]
        },
        "R_middle04End_JNT": {
            "joint_matrix": [
                0.8987365720543024,
                0.4365134137837061,
                0.04157659965625577,
                0.0,
                0.4360470720174294,
                -0.8996977490173548,
                0.02017204496652888,
                0.0,
                0.046211741333866914,
                7.759267740812728e-15,
                -0.9989316668135474,
                0.0,
                -67.5551,
                100.94200000000008,
                -4.864570000000005,
                1.0
            ],
            "parent": "R_middle03_JNT",
            "isLocator": false,
            "children": []
        },
        "R_middle03_JNT": {
            "joint_matrix": [
                0.8987365720543024,
                0.4365134137837061,
                0.04157659965625577,
                0.0,
                0.4360470720174294,
                -0.8996977490173548,
                0.02017204496652888,
                0.0,
                0.046211741333866914,
                7.759267740812728e-15,
                -0.9989316668135474,
                0.0,
                -65.75480000000002,
                101.816,
                -4.781279999999996,
                1.0
            ],
            "parent": "R_middle02_JNT",
            "isLocator": false,
            "children": [
                "R_middle04End_JNT"
            ]
        },
        "R_middle02_JNT": {
            "joint_matrix": [
                0.8674989606234261,
                0.49743899347633574,
                -3.2962484465902386e-05,
                0.0,
                0.4974389931172386,
                -0.8674989612496664,
                -1.890126197540143e-05,
                0.0,
                -3.799714576691038e-05,
                3.475406052392674e-14,
                -0.9999999992781086,
                0.0,
                -63.822199999999995,
                102.92500000000001,
                -4.781360000000003,
                1.0
            ],
            "parent": "R_middle01_JNT",
            "isLocator": false,
            "children": [
                "R_middle03_JNT",
                "R_middle04End_JNT"
            ]
        },
        "R_middle01_JNT": {
            "joint_matrix": [
                0.9044117135601424,
                0.42596781849822163,
                0.024307817242052082,
                0.0,
                0.4258140486630106,
                -0.9047383144334423,
                0.011444577639608905,
                0.0,
                0.026867235369908038,
                -1.2056612930475747e-14,
                -0.9996390106751428,
                0.0,
                -60.5498,
                104.466,
                -4.693410000000003,
                1.0
            ],
            "parent": "R_middle00_JNT",
            "isLocator": false,
            "children": [
                "R_middle02_JNT",
                "R_middle03_JNT",
                "R_middle04End_JNT"
            ]
        },
        "R_middle00_JNT": {
            "joint_matrix": [
                0.9012216443282287,
                0.4281740696247549,
                -0.06683198257794783,
                0.0,
                0.4270015797529423,
                -0.903696279787062,
                -0.03166519836533621,
                0.0,
                -0.07395403087604634,
                -1.7000290064572706e-14,
                -0.9972616513820158,
                0.0,
                -55.7607,
                106.741,
                -5.04855,
                1.0
            ],
            "parent": "C_guides_GRP",
            "isLocator": false,
            "children": [
                "R_middle01_JNT",
                "R_middle02_JNT",
                "R_middle03_JNT",
                "R_middle04End_JNT"
            ]
        },
        "R_index04End_JNT": {
            "joint_matrix": [
                0.925127976528174,
                0.3774585878926636,
                0.04078285756249268,
                0.0,
                0.3770923539741574,
                -0.9260264652946356,
                0.01662354198576789,
                0.0,
                0.04404070411693204,
                8.508019243034555e-15,
                -0.9990297374857693,
                0.0,
                -66.99459999999998,
                101.01499999999996,
                -3.2841499999999995,
                1.0
            ],
            "parent": "R_index03_JNT",
            "isLocator": false,
            "children": []
        },
        "R_index03_JNT": {
            "joint_matrix": [
                0.925127976528174,
                0.3774585878926636,
                0.04078285756249268,
                0.0,
                0.3770923539741574,
                -0.9260264652946356,
                0.01662354198576789,
                0.0,
                0.04404070411693204,
                8.508019243034555e-15,
                -0.9990297374857693,
                0.0,
                -65.39110000000005,
                101.66999999999996,
                -3.213459999999999,
                1.0
            ],
            "parent": "R_index02_JNT",
            "isLocator": false,
            "children": [
                "R_index04End_JNT"
            ]
        },
        "R_index02_JNT": {
            "joint_matrix": [
                0.8533127789303107,
                0.5212448349757455,
                0.012693436309315699,
                0.0,
                0.5211871740490088,
                -0.8534071841806281,
                0.007752908854128798,
                0.0,
                0.014873833434561612,
                -8.675829566694105e-14,
                -0.9998893784209137,
                0.0,
                -63.44330000000003,
                102.8590000000001,
                -3.18448,
                1.0
            ],
            "parent": "R_index01_JNT",
            "isLocator": false,
            "children": [
                "R_index03_JNT",
                "R_index04End_JNT"
            ]
        },
        "R_index01_JNT": {
            "joint_matrix": [
                0.9080683066901598,
                0.4184655635384824,
                0.017277804180114986,
                0.0,
                0.41838983634046184,
                -0.9082326640968277,
                0.007960698121478253,
                0.0,
                0.019023544145813268,
                -1.4686770556465423e-15,
                -0.9998190360100835,
                0.0,
                -60.589200000000076,
                104.1750000000001,
                -3.130179999999989,
                1.0
            ],
            "parent": "R_index00_JNT",
            "isLocator": false,
            "children": [
                "R_index02_JNT",
                "R_index03_JNT",
                "R_index04End_JNT"
            ]
        },
        "R_index00_JNT": {
            "joint_matrix": [
                0.8962461354854703,
                0.43021765761125375,
                -0.10796125095072871,
                0.0,
                0.42712989257089207,
                -0.9027251891242909,
                -0.05145180067686829,
                0.0,
                -0.11959481384967495,
                8.038708587676526e-15,
                -0.9928227840356314,
                0.0,
                -55.7603,
                106.493,
                -3.71187,
                1.0
            ],
            "parent": "C_guides_GRP",
            "isLocator": false,
            "children": [
                "R_index01_JNT",
                "R_index02_JNT",
                "R_index03_JNT",
                "R_index04End_JNT"
            ]
        },
        "R_thumb03End_JNT": {
            "joint_matrix": [
                0.8577583837776105,
                0.3692979783906908,
                -0.3575885319970009,
                0.0,
                0.34086374155254295,
                -0.9293110368205842,
                -0.14210174713300452,
                0.0,
                -0.3847888573672875,
                1.67802535682873e-15,
                -0.9230046236319609,
                0.0,
                -61.73549999999999,
                103.15100000000001,
                1.4916899999999829,
                1.0
            ],
            "parent": "R_thumb02_JNT",
            "isLocator": false,
            "children": []
        },
        "R_thumb02_JNT": {
            "joint_matrix": [
                0.8577583837776105,
                0.3692979783906908,
                -0.3575885319970009,
                0.0,
                0.34086374155254295,
                -0.9293110368205842,
                -0.14210174713300452,
                0.0,
                -0.3847888573672875,
                1.67802535682873e-15,
                -0.9230046236319609,
                0.0,
                -59.8119,
                103.98000000000003,
                0.6897440000000012,
                1.0
            ],
            "parent": "R_thumb01_JNT",
            "isLocator": false,
            "children": [
                "R_thumb03End_JNT"
            ]
        },
        "R_thumb01_JNT": {
            "joint_matrix": [
                0.7894314713135069,
                0.38404995362219857,
                -0.47885653929186206,
                0.0,
                0.3283624778402718,
                -0.9233123161329473,
                -0.1991794417700028,
                0.0,
                -0.518628995763242,
                2.9533687209539777e-15,
                -0.854999394592541,
                0.0,
                -57.6766,
                105.01800000000004,
                -0.6054599999999977,
                1.0
            ],
            "parent": "R_thumb00_JNT",
            "isLocator": false,
            "children": [
                "R_thumb02_JNT",
                "R_thumb03End_JNT"
            ]
        },
        "R_thumb00_JNT": {
            "joint_matrix": [
                0.6333308499203105,
                0.40213535914871823,
                -0.6611952718082219,
                0.0,
                0.2781675719431025,
                -0.9155802274636187,
                -0.29040600716401777,
                0.0,
                -0.7221598413498884,
                -1.5543122344752192e-15,
                -0.6917262200766314,
                0.0,
                -55.4112,
                106.457,
                -2.97051,
                1.0
            ],
            "parent": "C_guides_GRP",
            "isLocator": false,
            "children": [
                "R_thumb01_JNT",
                "R_thumb02_JNT",
                "R_thumb03End_JNT"
            ]
        },
        "R_wrist_JNT": {
            "joint_matrix": [
                0.8961554620844678,
                0.44185010501085215,
                -0.04091298666771884,
                0.0,
                0.43841832638627687,
                -0.8958729395005754,
                -0.07211828727344122,
                0.0,
                -0.06851831043472992,
                0.04669219391394575,
                -0.9965566116195672,
                0.0,
                -53.471399999999996,
                108.82799999999999,
                -5.041919999999995,
                1.0
            ],
            "parent": "R_elbow_JNT",
            "isLocator": false,
            "children": []
        },
        "R_elbow_JNT": {
            "joint_matrix": [
                0.8961554620844678,
                0.44185010501085215,
                -0.04091298666771884,
                0.0,
                0.442721776530019,
                -0.8965333653354279,
                0.01501177625853433,
                0.0,
                -0.03004690270690065,
                -0.031565955430356944,
                -0.9990499357366933,
                0.0,
                -35.217999999999996,
                117.82799999999997,
                -5.875259999999993,
                1.0
            ],
            "parent": "R_shoulder_JNT",
            "isLocator": false,
            "children": [
                "R_wrist_JNT"
            ]
        },
        "R_shoulder_JNT": {
            "joint_matrix": [
                0.8960184159330111,
                0.4429762124994212,
                0.030382124161504865,
                0.0,
                0.442721776530019,
                -0.8965333653354279,
                0.01501177625853433,
                0.0,
                0.03388844781044704,
                2.4330364112312702e-14,
                -0.9994256215972246,
                0.0,
                -10.5782,
                130.01,
                -5.03978,
                1.0
            ],
            "parent": "C_guides_GRP",
            "isLocator": false,
            "children": [
                "R_elbow_JNT",
                "R_wrist_JNT"
            ]
        },
        "R_clavicle_JNT": {
            "joint_matrix": [
                1.0,
                0.0,
                0.0,
                0.0,
                0.0,
                -1.0,
                -1.2246467991473532e-16,
                0.0,
                0.0,
                1.2246467991473532e-16,
                -1.0,
                0.0,
                -2.45903,
                130.01,
                -5.03978,
                1.0
            ],
            "parent": "C_guides_GRP",
            "isLocator": false,
            "children": []
        },
        "R_eyebrow06_JNT": {
            "joint_matrix": [
                1.0,
                0.0,
                0.0,
                0.0,
                0.0,
                1.0,
                0.0,
                0.0,
                0.0,
                0.0,
                1.0,
                0.0,
                -7.5540400000000005,
                151.675,
                5.30444,
                1.0
            ],
            "parent": "R_eyebrowMain_JNT",
            "isLocator": false,
            "children": []
        },
        "R_eyebrow05_JNT": {
            "joint_matrix": [
                1.0,
                0.0,
                0.0,
                0.0,
                0.0,
                1.0,
                0.0,
                0.0,
                0.0,
                0.0,
                1.0,
                0.0,
                -6.945110000000001,
                152.20800000000003,
                6.24467,
                1.0
            ],
            "parent": "R_eyebrowMain_JNT",
            "isLocator": false,
            "children": []
        },
        "R_eyebrow04_JNT": {
            "joint_matrix": [
                1.0,
                0.0,
                0.0,
                0.0,
                0.0,
                1.0,
                0.0,
                0.0,
                0.0,
                0.0,
                1.0,
                0.0,
                -5.92391,
                152.674,
                7.14578,
                1.0
            ],
            "parent": "R_eyebrowMain_JNT",
            "isLocator": false,
            "children": []
        },
        "R_eyebrow03_JNT": {
            "joint_matrix": [
                1.0,
                0.0,
                0.0,
                0.0,
                0.0,
                1.0,
                0.0,
                0.0,
                0.0,
                0.0,
                1.0,
                0.0,
                -4.809,
                152.644,
                7.78562,
                1.0
            ],
            "parent": "R_eyebrowMain_JNT",
            "isLocator": false,
            "children": []
        },
        "R_eyebrow02_JNT": {
            "joint_matrix": [
                1.0,
                0.0,
                0.0,
                0.0,
                0.0,
                1.0,
                0.0,
                0.0,
                0.0,
                0.0,
                1.0,
                0.0,
                -3.7031300000000003,
                152.55900000000003,
                8.22001,
                1.0
            ],
            "parent": "R_eyebrowMain_JNT",
            "isLocator": false,
            "children": []
        },
        "R_eyebrow01_JNT": {
            "joint_matrix": [
                1.0,
                0.0,
                0.0,
                0.0,
                0.0,
                1.0,
                0.0,
                0.0,
                0.0,
                0.0,
                1.0,
                0.0,
                -2.65953,
                152.46200000000002,
                8.46741,
                1.0
            ],
            "parent": "R_eyebrowMain_JNT",
            "isLocator": false,
            "children": []
        },
        "R_eyebrow00_JNT": {
            "joint_matrix": [
                1.0,
                0.0,
                0.0,
                0.0,
                0.0,
                1.0,
                0.0,
                0.0,
                0.0,
                0.0,
                1.0,
                0.0,
                -1.7421800000000003,
                152.38400000000001,
                8.61562,
                1.0
            ],
            "parent": "R_eyebrowMain_JNT",
            "isLocator": false,
            "children": []
        },
        "R_eyebrowMain_JNT": {
            "joint_matrix": [
                1.0,
                0.0,
                0.0,
                0.0,
                0.0,
                1.0,
                0.0,
                0.0,
                0.0,
                0.0,
                1.0,
                0.0,
                -4.809,
                152.644,
                7.78562,
                1.0
            ],
            "parent": "C_guides_GRP",
            "isLocator": false,
            "children": [
                "R_eyebrow00_JNT",
                "R_eyebrow01_JNT",
                "R_eyebrow02_JNT",
                "R_eyebrow03_JNT",
                "R_eyebrow04_JNT",
                "R_eyebrow05_JNT",
                "R_eyebrow06_JNT"
            ]
        },
        "L_pinky03End_JNT": {
            "joint_matrix": [
                0.888530057478489,
                -0.4544068855592386,
                -0.0634721932315719,
                0.0,
                0.45325189242427844,
                0.8907942424355655,
                -0.032378073714431424,
                0.0,
                0.07125348392242414,
                -2.9150493126991515e-15,
                0.9974582402431277,
                0.0,
                64.99765777587892,
                101.62133026123051,
                -7.772507190704353,
                1.0
            ],
            "parent": "L_pinky03_JNT",
            "isLocator": false,
            "children": []
        },
        "L_pinky03_JNT": {
            "joint_matrix": [
                0.888530057478489,
                -0.4544068855592386,
                -0.0634721932315719,
                0.0,
                0.45325189242427844,
                0.8907942424355655,
                -0.032378073714431424,
                0.0,
                0.07125348392242414,
                -2.9150493126991515e-15,
                0.9974582402431277,
                0.0,
                63.41109657287598,
                102.4327201843261,
                -7.659171104431151,
                1.0
            ],
            "parent": "L_pinky02_JNT",
            "isLocator": false,
            "children": [
                "L_pinky03End_JNT"
            ]
        },
        "L_pinky02_JNT": {
            "joint_matrix": [
                0.8540269164459116,
                -0.5197245807301525,
                -0.022899479704902144,
                0.0,
                0.5195378493661515,
                0.8543338692717661,
                -0.013930645754113652,
                0.0,
                0.02680390012445632,
                -2.660945277471012e-15,
                0.9996407109247394,
                0.0,
                62.346561431884766,
                103.0805511474609,
                -7.630627155303959,
                1.0
            ],
            "parent": "L_pinky01_JNT",
            "isLocator": false,
            "children": [
                "L_pinky03_JNT",
                "L_pinky03End_JNT"
            ]
        },
        "L_pinky01_JNT": {
            "joint_matrix": [
                0.9010226911351809,
                -0.43201144043147544,
                0.039041329329805446,
                0.0,
                0.43160646192279917,
                0.9018681252468799,
                0.018701515718290304,
                0.0,
                -0.04328939923352815,
                -6.467855580369579e-16,
                0.9990625745737853,
                0.0,
                59.69350242614744,
                104.35260772705077,
                -7.74558424949645,
                1.0
            ],
            "parent": "L_pinky00_JNT",
            "isLocator": false,
            "children": [
                "L_pinky02_JNT",
                "L_pinky03_JNT",
                "L_pinky03End_JNT"
            ]
        },
        "L_pinky00_JNT": {
            "joint_matrix": [
                0.8440535319233453,
                -0.5206656696267309,
                -0.12837794093953306,
                0.0,
                0.514745782070922,
                0.8537606576038439,
                -0.07829124707173159,
                0.0,
                0.15036759986087814,
                3.767819389821626e-15,
                0.9886301557772142,
                0.0,
                55.89969062805176,
                106.69287109375,
                -7.168557167053223,
                1.0
            ],
            "parent": "C_guides_GRP",
            "isLocator": false,
            "children": [
                "L_pinky01_JNT",
                "L_pinky02_JNT",
                "L_pinky03_JNT",
                "L_pinky03End_JNT"
            ]
        },
        "L_index04End_JNT": {
            "joint_matrix": [
                0.9251279765281737,
                -0.37745858789266423,
                -0.040782857562492614,
                0.0,
                0.3770923539741583,
                0.926026465294635,
                -0.016623541985760285,
                0.0,
                0.04404070411692913,
                -1.5586078023988098e-14,
                0.9990297374857693,
                0.0,
                66.99461746215825,
                101.01538848876952,
                -3.2841475009918217,
                1.0
            ],
            "parent": "L_index03_JNT",
            "isLocator": false,
            "children": []
        },
        "L_index03_JNT": {
            "joint_matrix": [
                0.9251279765281737,
                -0.37745858789266423,
                -0.040782857562492614,
                0.0,
                0.3770923539741583,
                0.926026465294635,
                -0.016623541985760285,
                0.0,
                0.04404070411692913,
                -1.5586078023988098e-14,
                0.9990297374857693,
                0.0,
                65.39105987548825,
                101.66965103149406,
                -3.2134571075439458,
                1.0
            ],
            "parent": "L_index02_JNT",
            "isLocator": false,
            "children": [
                "L_index04End_JNT"
            ]
        },
        "L_index02_JNT": {
            "joint_matrix": [
                0.8533127789303105,
                -0.5212448349757456,
                -0.012693436309315721,
                0.0,
                0.5211871740490089,
                0.8534071841806276,
                -0.007752908854129656,
                0.0,
                0.014873833434562105,
                8.744688703688806e-14,
                0.9998893784209135,
                0.0,
                63.4433269500732,
                102.85942077636717,
                -3.184483647346497,
                1.0
            ],
            "parent": "L_index01_JNT",
            "isLocator": false,
            "children": [
                "L_index03_JNT",
                "L_index04End_JNT"
            ]
        },
        "L_index01_JNT": {
            "joint_matrix": [
                0.9080683066901598,
                -0.4184655635384824,
                -0.017277804180115014,
                0.0,
                0.4183898363404618,
                0.9082326640968272,
                -0.007960698121478954,
                0.0,
                0.019023544145813615,
                2.0640321662696994e-15,
                0.9998190360100833,
                0.0,
                60.58923149108885,
                104.17467498779288,
                -3.130178809165969,
                1.0
            ],
            "parent": "L_index00_JNT",
            "isLocator": false,
            "children": [
                "L_index02_JNT",
                "L_index03_JNT",
                "L_index04End_JNT"
            ]
        },
        "L_index00_JNT": {
            "joint_matrix": [
                0.8962461354854703,
                -0.4302176576112536,
                0.10796125095072862,
                0.0,
                0.4271298925708929,
                0.9027251891242906,
                0.05145180067686014,
                0.0,
                -0.11959481384967136,
                -6.904199434387692e-16,
                0.9928227840356316,
                0.0,
                55.76029014587402,
                106.49267196655273,
                -3.7118700742721558,
                1.0
            ],
            "parent": "C_guides_GRP",
            "isLocator": false,
            "children": [
                "L_index01_JNT",
                "L_index02_JNT",
                "L_index03_JNT",
                "L_index04End_JNT"
            ]
        },
        "L_thumb03End_JNT": {
            "joint_matrix": [
                0.8577583837776106,
                -0.36929797839069123,
                0.35758853199700025,
                0.0,
                0.3408637415525439,
                0.9293110368205837,
                0.14210174713300316,
                0.0,
                -0.3847888573672862,
                -4.587181112023152e-16,
                0.9230046236319611,
                0.0,
                61.735528945922866,
                103.15143966674808,
                1.49169313907625,
                1.0
            ],
            "parent": "L_thumb02_JNT",
            "isLocator": false,
            "children": []
        },
        "L_thumb02_JNT": {
            "joint_matrix": [
                0.8577583837776106,
                -0.36929797839069123,
                0.35758853199700025,
                0.0,
                0.3408637415525439,
                0.9293110368205837,
                0.14210174713300316,
                0.0,
                -0.3847888573672862,
                -4.587181112023152e-16,
                0.9230046236319611,
                0.0,
                59.8118705749512,
                103.97964859008789,
                0.6897444948554237,
                1.0
            ],
            "parent": "L_thumb01_JNT",
            "isLocator": false,
            "children": [
                "L_thumb03End_JNT"
            ]
        },
        "L_thumb01_JNT": {
            "joint_matrix": [
                0.7894314713135071,
                -0.38404995362219935,
                0.4788565392918614,
                0.0,
                0.3283624778402735,
                0.9233123161329466,
                0.1991794417700012,
                0.0,
                -0.5186289957632405,
                -1.130654315530217e-15,
                0.8549993945925416,
                0.0,
                57.67662811279297,
                105.01842117309577,
                -0.6054595261812676,
                1.0
            ],
            "parent": "L_thumb00_JNT",
            "isLocator": false,
            "children": [
                "L_thumb02_JNT",
                "L_thumb03End_JNT"
            ]
        },
        "L_thumb00_JNT": {
            "joint_matrix": [
                0.6333308499203103,
                -0.4021353591487194,
                0.6611952718082215,
                0.0,
                0.2781675719431031,
                0.915580227463618,
                0.29040600716401865,
                0.0,
                -0.7221598413498884,
                1.4155343563970746e-15,
                0.6917262200766312,
                0.0,
                55.411245346069336,
                106.45683288574219,
                -2.970511496067047,
                1.0
            ],
            "parent": "C_guides_GRP",
            "isLocator": false,
            "children": [
                "L_thumb01_JNT",
                "L_thumb02_JNT",
                "L_thumb03End_JNT"
            ]
        },
        "L_middle04End_JNT": {
            "joint_matrix": [
                0.8987365720543027,
                -0.43651341378370534,
                -0.04157659965625565,
                0.0,
                0.43604707201742854,
                0.899697749017355,
                -0.020172044966534543,
                0.0,
                0.046211741333869336,
                -2.591773832350169e-15,
                0.9989316668135471,
                0.0,
                67.55514144897468,
                100.94192504882814,
                -4.864571809768679,
                1.0
            ],
            "parent": "L_middle03_JNT",
            "isLocator": false,
            "children": []
        },
        "L_middle03_JNT": {
            "joint_matrix": [
                0.8987365720543027,
                -0.43651341378370534,
                -0.04157659965625565,
                0.0,
                0.43604707201742854,
                0.899697749017355,
                -0.020172044966534543,
                0.0,
                0.046211741333869336,
                -2.591773832350169e-15,
                0.9989316668135471,
                0.0,
                65.7547760009766,
                101.81635665893553,
                -4.781284809112549,
                1.0
            ],
            "parent": "L_middle02_JNT",
            "isLocator": false,
            "children": [
                "L_middle04End_JNT"
            ]
        },
        "L_middle02_JNT": {
            "joint_matrix": [
                0.867498960623426,
                -0.4974389934763358,
                3.29624844659232e-05,
                0.0,
                0.49743899311723877,
                0.8674989612496662,
                1.8901261933813168e-05,
                0.0,
                -3.799714574620125e-05,
                1.3231782490302806e-15,
                0.9999999992781085,
                0.0,
                63.822185516357436,
