{
    "maui": {
        "L_cheek_JNT": {
            "joint_matrix": [
                1.0,
                0.0,
                0.0,
                0.0,
                0.0,
                1.0,
                0.0,
                0.0,
                0.0,
                0.0,
                1.0,
                0.0,
                16.192955017089844,
                156.69403076171875,
                13.197200775146484,
                1.0
            ],
            "parent": "C_guides_GRP",
            "isLocator": false,
            "isJoint": true,
            "isCurve": false,
            "isSurface": false,
            "children": []
        },
        "L_cheekbone02_JNT": {
            "joint_matrix": [
                1.0,
                -1.3877787807814457e-17,
                5.551115123125783e-17,
                0.0,
                0.0,
                0.9521256823785377,
                -0.3057068611516659,
                0.0,
                0.0,
                0.30570686115166584,
                0.9521256823785378,
                0.0,
                12.392597231733252,
                163.9453124455368,
                18.769706733601026,
                1.0
            ],
            "parent": "L_cheekbone_JNT",
            "isLocator": false,
            "isJoint": true,
            "isCurve": false,
            "isSurface": false,
            "children": []
        },
        "L_cheekbone00_JNT": {
            "joint_matrix": [
                1.0,
                -1.3877787807814457e-17,
                5.551115123125783e-17,
                0.0,
                0.0,
                0.9521256823785377,
                -0.3057068611516659,
                0.0,
                0.0,
                0.30570686115166584,
                0.9521256823785378,
                0.0,
                5.9292278660930275,
                162.18084716649267,
                21.21199797549074,
                1.0
            ],
            "parent": "L_cheekbone_JNT",
            "isLocator": false,
            "isJoint": true,
            "isCurve": false,
            "isSurface": false,
            "children": []
        },
        "L_cheekbone01_JNT": {
            "joint_matrix": [
                1.0,
                -1.3877787807814457e-17,
                5.551115123125783e-17,
                0.0,
                0.0,
                0.9521256823785377,
                -0.3057068611516659,
                0.0,
                0.0,
                0.30570686115166584,
                0.9521256823785378,
                0.0,
                9.91299437953332,
                162.3970947425803,
                20.866767891493577,
                1.0
            ],
            "parent": "L_cheekbone_JNT",
            "isLocator": false,
            "isJoint": true,
            "isCurve": false,
            "isSurface": false,
            "children": []
        },
        "L_cheekbone_JNT": {
            "joint_matrix": [
                0.9605517221914907,
                0.0,
                -0.27810140056274685,
                0.0,
                -0.0665782788669857,
                0.9709203141875414,
                -0.22995885780085898,
                0.0,
                0.2700142992103775,
                0.23940288949376906,
                0.9326191799035461,
                0.0,
                9.501899719238281,
                162.97589111328125,
                19.968910217285156,
                1.0
            ],
            "parent": "C_guides_GRP",
            "isLocator": false,
            "isJoint": true,
            "isCurve": false,
            "isSurface": false,
            "children": [
                "L_cheekbone01_JNT",
                "L_cheekbone00_JNT",
                "L_cheekbone02_JNT"
            ]
        },
        "L_eyebrow07_JNT": {
            "joint_matrix": [
                0.800335120484757,
                -0.3223259245321278,
                -0.5055390126322188,
                0.0,
                0.2725131224752787,
                0.9466287542508462,
                -0.17213541095389034,
                0.0,
                0.5340414712336705,
                -3.05311331771918e-16,
                0.8454582822366675,
                0.0,
                7.988121032714844,
                169.0225830078125,
                21.508315086364746,
                1.0
            ],
            "parent": "L_eyebrowMain_JNT",
            "isLocator": false,
            "isJoint": true,
            "isCurve": false,
            "isSurface": false,
            "children": []
        },
        "L_eyebrow06_JNT": {
            "joint_matrix": [
                0.8608404315312133,
                -0.3021663192296533,
                -0.40944995660563666,
                0.0,
                0.27287234208619093,
                0.953255220559113,
                -0.1297889417523447,
                0.0,
                0.42952815549804335,
                -1.3877787807814457e-15,
                0.9030534666532479,
                0.0,
                7.232078671455383,
                169.2879638671875,
                21.867918968200684,
                1.0
            ],
            "parent": "L_eyebrowMain_JNT",
            "isLocator": false,
            "isJoint": true,
            "isCurve": false,
            "isSurface": false,
            "children": []
        },
        "L_eyebrow05_JNT": {
            "joint_matrix": [
                0.9186509372743009,
                -0.18481063319908428,
                -0.34917830015853213,
                0.0,
                0.17275226603298136,
                0.9827741499737127,
                -0.06566296310643087,
                0.0,
                0.35529862091699493,
                -4.163336342344337e-16,
                0.9347528496744375,
                0.0,
                6.330398678779602,
                169.4693603515625,
                22.210646629333496,
                1.0
            ],
            "parent": "L_eyebrowMain_JNT",
            "isLocator": false,
            "isJoint": true,
            "isCurve": false,
            "isSurface": false,
            "children": []
        },
        "L_eyebrow04_JNT": {
            "joint_matrix": [
                0.9593520896670361,
                0.001989986103429593,
                -0.28220490429260675,
                0.0,
                -0.0019091011068569138,
                0.9999980199756938,
                0.000561584949620805,
                0.0,
                0.2822054630662825,
                2.0118845825423105e-13,
                0.959353989211253,
                0.0,
                5.388816952705383,
                169.4674072265625,
                22.487624168395996,
                1.0
            ],
            "parent": "L_eyebrowMain_JNT",
            "isLocator": false,
            "isJoint": true,
            "isCurve": false,
            "isSurface": false,
            "children": []
        },
        "L_eyebrow03_JNT": {
            "joint_matrix": [
                0.9843655828253043,
                0.021231439549719438,
                -0.17485315359937198,
                0.0,
                -0.02090421043520557,
                0.9997745875819442,
                0.003713221166862159,
                0.0,
                0.17489257655795343,
                2.306878646440857e-14,
                0.9845875210792184,
                0.0,
                4.505916714668274,
                169.4483642578125,
                22.64445400238037,
                1.0
            ],
            "parent": "L_eyebrowMain_JNT",
            "isLocator": false,
            "isJoint": true,
            "isCurve": false,
            "isSurface": false,
            "children": []
        },
        "L_eyebrow02_JNT": {
            "joint_matrix": [
                0.9891605334184348,
                0.09656242984105631,
                -0.11062159043581238,
                0.0,
                -0.09596419201776635,
                0.9953269297789501,
                0.010732041147246482,
                0.0,
                0.11114095994607393,
                1.4083352539717712e-14,
                0.9938046523448485,
                0.0,
                3.625595211982727,
                169.3624267578125,
                22.74290370941162,
                1.0
            ],
            "parent": "L_eyebrowMain_JNT",
            "isLocator": false,
            "isJoint": true,
            "isCurve": false,
            "isSurface": false,
            "children": []
        },
        "L_eyebrow01_JNT": {
            "joint_matrix": [
                0.978413734037647,
                0.20512910222196198,
                0.02507222503330146,
                0.0,
                -0.20506178531800026,
                0.9787349239817755,
                -0.005254786444994249,
                0.0,
                -0.025616971887852075,
                -6.2207183848528334e-15,
                0.9996718315283756,
                0.0,
                2.6940040588378906,
                169.1671142578125,
                22.71903133392334,
                1.0
            ],
            "parent": "L_eyebrowMain_JNT",
            "isLocator": false,
            "isJoint": true,
            "isCurve": false,
            "isSurface": false,
            "children": []
        },
        "L_eyebrow00_JNT": {
            "joint_matrix": [
                0.9798306525962862,
                0.1925957959769677,
                0.05327993623057483,
                0.0,
                -0.1923116900064057,
                0.9812781763455245,
                -0.010457270909844558,
                0.0,
                -0.054296465074772614,
                3.378373969464832e-14,
                0.9985248589195884,
                0.0,
                1.6770634651184082,
                168.96722412109375,
                22.66373348236084,
                1.0
            ],
            "parent": "L_eyebrowMain_JNT",
            "isLocator": false,
            "isJoint": true,
            "isCurve": false,
            "isSurface": false,
            "children": []
        },
        "L_eyebrow08_JNT": {
            "joint_matrix": [
                0.751902594131994,
                -0.3616256349058306,
                -0.5512434934913362,
                0.0,
                0.2916447838085305,
                0.932323388196904,
                -0.21381398433760265,
                0.0,
                0.5912578194111715,
                1.1657341758564144e-15,
                0.8064826042669158,
                0.0,
                8.638877868652344,
                168.760498046875,
                21.09725856781006,
                1.0
            ],
            "parent": "L_eyebrowMain_JNT",
            "isLocator": false,
            "isJoint": true,
            "isCurve": false,
            "isSurface": false,
            "children": []
        },
        "L_eyebrow09_JNT": {
            "joint_matrix": [
                0.549151133370216,
                -0.43212085801124156,
                -0.7153353037491129,
                0.0,
                0.26313542541344354,
                0.9018157040502391,
                -0.3427654939180105,
                0.0,
                0.7932167299109956,
                -3.3306690738754686e-16,
                0.6089394217730584,
                0.0,
                9.213508605957031,
                168.484130859375,
                20.675978660583496,
                1.0
            ],
            "parent": "L_eyebrowMain_JNT",
            "isLocator": false,
            "isJoint": true,
            "isCurve": false,
            "isSurface": false,
            "children": []
        },
        "L_eyebrowMain_JNT": {
            "joint_matrix": [
                1.0,
                0.0,
                0.0,
                0.0,
                0.0,
                1.0,
                0.0,
                0.0,
                0.0,
                0.0,
                1.0,
                0.0,
                5.474558353424072,
                169.26052856445312,
                21.743438720703125,
                1.0
            ],
            "parent": "C_guides_GRP",
            "isLocator": false,
            "isJoint": true,
            "isCurve": false,
            "isSurface": false,
            "children": [
                "L_eyebrow09_JNT",
                "L_eyebrow08_JNT",
                "L_eyebrow00_JNT",
                "L_eyebrow01_JNT",
                "L_eyebrow02_JNT",
                "L_eyebrow03_JNT",
                "L_eyebrow04_JNT",
                "L_eyebrow05_JNT",
                "L_eyebrow06_JNT",
                "L_eyebrow07_JNT"
            ]
        },
        "L_upInSocket_JNT": {
            "joint_matrix": [
                1.0,
                0.0,
                0.0,
                0.0,
                0.0,
                1.0,
                0.0,
                0.0,
                0.0,
                0.0,
                1.0,
                0.0,
                1.8289422988891602,
                167.21185302734375,
                21.76300048828125,
                1.0
            ],
            "parent": "C_guides_GRP",
            "isLocator": false,
            "isJoint": true,
            "isCurve": false,
            "isSurface": false,
            "children": []
        },
        "L_inSocket_JNT": {
            "joint_matrix": [
                1.0,
                0.0,
                0.0,
                0.0,
                0.0,
                1.0,
                0.0,
                0.0,
                0.0,
                0.0,
                1.0,
                0.0,
                1.3893146514892578,
                165.0440673828125,
                21.442337036132812,
                1.0
            ],
            "parent": "C_guides_GRP",
            "isLocator": false,
            "isJoint": true,
            "isCurve": false,
            "isSurface": false,
            "children": []
        },
        "L_downInSocket_JNT": {
            "joint_matrix": [
                1.0,
                0.0,
                0.0,
                0.0,
                0.0,
                1.0,
                0.0,
                0.0,
                0.0,
                0.0,
                1.0,
                0.0,
                2.3782882690429688,
                163.48577880859375,
                21.37895965576172,
                1.0
            ],
            "parent": "C_guides_GRP",
            "isLocator": false,
            "isJoint": true,
            "isCurve": false,
            "isSurface": false,
            "children": []
        },
        "L_lowerSocket_JNT": {
            "joint_matrix": [
                1.0,
                0.0,
                0.0,
                0.0,
                0.0,
                1.0,
                0.0,
                0.0,
                0.0,
                0.0,
                1.0,
                0.0,
                4.458686828613281,
                162.5806884765625,
                21.014511108398438,
                1.0
            ],
            "parent": "C_guides_GRP",
            "isLocator": false,
            "isJoint": true,
            "isCurve": false,
            "isSurface": false,
            "children": []
        },
        "L_downOutSocket_JNT": {
            "joint_matrix": [
                1.0,
                0.0,
                0.0,
                0.0,
                0.0,
                1.0,
                0.0,
                0.0,
                0.0,
                0.0,
                1.0,
                0.0,
                7.415014266967773,
                163.40106201171875,
                20.257171630859375,
                1.0
            ],
            "parent": "C_guides_GRP",
            "isLocator": false,
            "isJoint": true,
            "isCurve": false,
            "isSurface": false,
            "children": []
        },
        "L_outSocket_JNT": {
            "joint_matrix": [
                1.0,
                0.0,
                0.0,
                0.0,
                0.0,
                1.0,
                0.0,
                0.0,
                0.0,
                0.0,
                1.0,
                0.0,
                8.403083801269531,
                164.9263916015625,
                19.637649536132812,
                1.0
            ],
            "parent": "C_guides_GRP",
            "isLocator": false,
            "isJoint": true,
            "isCurve": false,
            "isSurface": false,
            "children": []
        },
        "L_upOutSocket_JNT": {
            "joint_matrix": [
                1.0,
                0.0,
                0.0,
                0.0,
                0.0,
                1.0,
                0.0,
                0.0,
                0.0,
                0.0,
                1.0,
                0.0,
                6.970905303955078,
                166.6358642578125,
                20.593307495117188,
                1.0
            ],
            "parent": "C_guides_GRP",
            "isLocator": false,
            "isJoint": true,
            "isCurve": false,
            "isSurface": false,
            "children": []
        },
        "L_upperSocket_JNT": {
            "joint_matrix": [
                1.0,
                0.0,
                0.0,
                0.0,
                0.0,
                1.0,
                0.0,
                0.0,
                0.0,
                0.0,
                1.0,
                0.0,
                4.612579345703125,
                167.728515625,
                21.74322509765625,
                1.0
            ],
            "parent": "C_guides_GRP",
            "isLocator": false,
            "isJoint": true,
            "isCurve": false,
            "isSurface": false,
            "children": []
        },
        "C_eyebrowMid_JNT": {
            "joint_matrix": [
                1.0,
                0.0,
                0.0,
                0.0,
                0.0,
                1.0,
                0.0,
                0.0,
                0.0,
                0.0,
                1.0,
                0.0,
                0.0,
                168.57305908203125,
                22.699844360351562,
                1.0
            ],
            "parent": "C_guides_GRP",
            "isLocator": false,
            "isJoint": true,
            "isCurve": false,
            "isSurface": false,
            "children": []
        },
        "L_ear02_JNT": {
            "joint_matrix": [
                0.941441824339206,
                -0.33717546082843525,
                0.0,
                0.0,
                0.3346449621673089,
                0.934376312305307,
                -0.12228514340988433,
                0.0,
                0.041231549581699015,
                0.11512434850138309,
                0.9924950094087245,
                0.0,
                22.138851609624794,
                168.64349505179095,
                2.2966135834185253,
                1.0
            ],
            "parent": "L_ear01_JNT",
            "isLocator": false,
            "isJoint": true,
            "isCurve": false,
            "isSurface": false,
            "children": []
        },
        "L_ear01_JNT": {
            "joint_matrix": [
                0.941441824339206,
                -0.33717546082843525,
                0.0,
                0.0,
                0.3346449621673089,
                0.934376312305307,
                -0.12228514340988433,
                0.0,
                0.041231549581699015,
                0.11512434850138309,
                0.9924950094087245,
                0.0,
                20.006904574077474,
                162.69079582033206,
                3.0756644536175863,
                1.0
            ],
            "parent": "L_ear00_JNT",
            "isLocator": false,
            "isJoint": true,
            "isCurve": false,
            "isSurface": false,
            "children": [
                "L_ear02_JNT"
            ]
        },
        "L_ear00_JNT": {
            "joint_matrix": [
                0.941441824339206,
                -0.33717546082843525,
                0.0,
                0.0,
                0.2848218961752608,
                0.7952632284928605,
                -0.535194249657301,
                0.0,
                0.18045436776092907,
                0.503854250773222,
                0.8447290187591276,
                0.0,
                18.833633422851562,
                159.41485595703125,
                5.280298233032227,
                1.0
            ],
            "parent": "C_guides_GRP",
            "isLocator": false,
            "isJoint": true,
            "isCurve": false,
            "isSurface": false,
            "children": [
                "L_ear01_JNT",
                "L_ear02_JNT"
            ]
        },
        "L_nose_JNT": {
            "joint_matrix": [
                1.0,
                0.0,
                0.0,
                0.0,
                0.0,
                1.0,
                0.0,
                0.0,
                0.0,
                0.0,
                1.0,
                0.0,
                4.177678108215332,
                161.712646484375,
                22.944122314453125,
                1.0
            ],
            "parent": "C_guides_GRP",
            "isLocator": false,
            "isJoint": true,
            "isCurve": false,
            "isSurface": false,
            "children": []
        },
        "L_nosetril_JNT": {
            "joint_matrix": [
                1.0,
                0.0,
                0.0,
                0.0,
                0.0,
                1.0,
                0.0,
                0.0,
                0.0,
                0.0,
                1.0,
                0.0,
                1.9089183807373047,
                160.945068359375,
                23.91748046875,
                1.0
            ],
            "parent": "C_guides_GRP",
            "isLocator": false,
            "isJoint": true,
            "isCurve": false,
            "isSurface": false,
            "children": []
        },
        "C_noseTip_JNT": {
            "joint_matrix": [
                1.0,
                0.0,
                0.0,
                0.0,
                0.0,
                1.0,
                0.0,
                0.0,
                0.0,
                0.0,
                1.0,
                0.0,
                0.0,
                162.5556640625,
                24.885589599609375,
                1.0
            ],
            "parent": "C_guides_GRP",
            "isLocator": false,
            "isJoint": true,
            "isCurve": false,
            "isSurface": false,
            "children": []
        },
        "C_noseMain_JNT": {
            "joint_matrix": [
                1.0,
                0.0,
                0.0,
                0.0,
                0.0,
                1.0,
                0.0,
                0.0,
                0.0,
                0.0,
                1.0,
                0.0,
                0.0,
                167.00286865234375,
                22.10834503173828,
                1.0
            ],
            "parent": "C_guides_GRP",
            "isLocator": false,
            "isJoint": true,
            "isCurve": false,
            "isSurface": false,
            "children": []
        },
        "C_throat_JNT": {
            "joint_matrix": [
                1.0,
                0.0,
                0.0,
                0.0,
                0.0,
                1.0,
                0.0,
                0.0,
                0.0,
                0.0,
                1.0,
                0.0,
                0.0,
                141.3734130859375,
                12.663825988769531,
                1.0
            ],
            "parent": "C_guides_GRP",
            "isLocator": false,
            "isJoint": true,
            "isCurve": false,
            "isSurface": false,
            "children": []
        },
        "C_neck04_JNT": {
            "joint_matrix": [
                1.0,
                0.0,
                0.0,
                0.0,
                0.0,
                0.9537238448105966,
                0.30068393345786393,
                0.0,
                0.0,
                -0.30068393345786393,
                0.9537238448105966,
                0.0,
                0.0,
                155.94484622969208,
                -0.5288663988750479,
                1.0
            ],
            "parent": "C_neck03_JNT",
            "isLocator": false,
            "isJoint": true,
            "isCurve": false,
            "isSurface": false,
            "children": []
        },
        "C_neck03_JNT": {
            "joint_matrix": [
                1.0,
                0.0,
                0.0,
                0.0,
                0.0,
                0.9537238448105966,
                0.30068393345786393,
                0.0,
                0.0,
                -0.30068393345786393,
                0.9537238448105966,
                0.0,
                0.0,
                152.606812772855,
                -1.5812601659775647,
                1.0
            ],
            "parent": "C_neck02_JNT",
            "isLocator": false,
            "isJoint": true,
            "isCurve": false,
            "isSurface": false,
            "children": [
                "C_neck04_JNT"
            ]
        },
        "C_neck02_JNT": {
            "joint_matrix": [
                1.0,
                0.0,
                0.0,
                0.0,
                0.0,
                0.9537238448105966,
                0.30068393345786393,
                0.0,
                0.0,
                -0.30068393345786393,
                0.9537238448105966,
                0.0,
                0.0,
                149.2687793160179,
                -2.633653933080102,
                1.0
            ],
            "parent": "C_neck01_JNT",
            "isLocator": false,
            "isJoint": true,
            "isCurve": false,
            "isSurface": false,
            "children": [
                "C_neck03_JNT",
                "C_neck04_JNT"
            ]
        },
        "C_neck01_JNT": {
            "joint_matrix": [
                1.0,
                0.0,
                0.0,
                0.0,
                0.0,
                0.9537238448105966,
                0.30068393345786393,
                0.0,
                0.0,
                -0.30068393345786393,
                0.9537238448105966,
                0.0,
                0.0,
                145.93074585918083,
                -3.686047700182619,
                1.0
            ],
            "parent": "C_neck00_JNT",
            "isLocator": false,
            "isJoint": true,
            "isCurve": false,
            "isSurface": false,
            "children": [
                "C_neck02_JNT",
                "C_neck03_JNT",
                "C_neck04_JNT"
            ]
        },
        "C_neck00_JNT": {
            "joint_matrix": [
                1.0,
                0.0,
                0.0,
                0.0,
                0.0,
                0.9537238448105966,
                0.30068393345786393,
                0.0,
                0.0,
                -0.30068393345786393,
                0.9537238448105966,
                0.0,
                0.0,
                142.59271240234375,
                -4.738441467285156,
                1.0
            ],
            "parent": "C_guides_GRP",
            "isLocator": false,
            "isJoint": true,
            "isCurve": false,
            "isSurface": false,
            "children": [
                "C_neck01_JNT",
                "C_neck02_JNT",
                "C_neck03_JNT",
                "C_neck04_JNT"
            ]
        },
        "C_spine07_JNT": {
            "joint_matrix": [
                1.0,
                0.0,
                0.0,
                0.0,
                0.0,
                1.0,
                0.0,
                0.0,
                0.0,
                0.0,
                1.0,
                0.0,
                0.0,
                113.63990020751953,
                -1.2626715898513687,
                1.0
            ],
            "parent": "C_spine06_JNT",
            "isLocator": false,
            "isJoint": true,
            "isCurve": false,
            "isSurface": false,
            "children": []
        },
        "C_spine06_JNT": {
            "joint_matrix": [
                1.0,
                0.0,
                0.0,
                0.0,
                0.0,
                1.0,
                0.0,
                0.0,
                0.0,
                0.0,
                1.0,
                0.0,
                0.0,
                108.63990020751953,
                -1.2626715898514078,
                1.0
            ],
            "parent": "C_spine05_JNT",
            "isLocator": false,
            "isJoint": true,
            "isCurve": false,
            "isSurface": false,
            "children": [
                "C_spine07_JNT"
            ]
        },
        "C_spine05_JNT": {
            "joint_matrix": [
                1.0,
                0.0,
                0.0,
                0.0,
                0.0,
                1.0,
                0.0,
                0.0,
                0.0,
                0.0,
                1.0,
                0.0,
                0.0,
                103.63990020751953,
                -1.262671589851383,
                1.0
            ],
            "parent": "C_spine04_JNT",
            "isLocator": false,
            "isJoint": true,
            "isCurve": false,
            "isSurface": false,
            "children": [
                "C_spine06_JNT",
                "C_spine07_JNT"
            ]
        },
        "C_spine04_JNT": {
            "joint_matrix": [
                1.0,
                0.0,
                0.0,
                0.0,
                0.0,
                1.0,
                0.0,
                0.0,
                0.0,
                0.0,
                1.0,
                0.0,
                0.0,
                98.63990020751953,
                -1.2626715898513865,
                1.0
            ],
            "parent": "C_spine03_JNT",
            "isLocator": false,
            "isJoint": true,
            "isCurve": false,
            "isSurface": false,
            "children": [
                "C_spine05_JNT",
                "C_spine06_JNT",
                "C_spine07_JNT"
            ]
        },
        "C_spine03_JNT": {
            "joint_matrix": [
                1.0,
                0.0,
                0.0,
                0.0,
                0.0,
                1.0,
                0.0,
                0.0,
                0.0,
                0.0,
                1.0,
                0.0,
                0.0,
                93.63990020751953,
                -1.2626715898513865,
                1.0
            ],
            "parent": "C_spine02_JNT",
            "isLocator": false,
            "isJoint": true,
            "isCurve": false,
            "isSurface": false,
            "children": [
                "C_spine04_JNT",
                "C_spine05_JNT",
                "C_spine06_JNT",
                "C_spine07_JNT"
            ]
        },
        "C_spine02_JNT": {
            "joint_matrix": [
                1.0,
                0.0,
                0.0,
                0.0,
                0.0,
                1.0,
                0.0,
                0.0,
                0.0,
                0.0,
                1.0,
                0.0,
                0.0,
                88.63990020751953,
                -1.262671589851358,
                1.0
            ],
            "parent": "C_spine01_JNT",
            "isLocator": false,
            "isJoint": true,
            "isCurve": false,
            "isSurface": false,
            "children": [
                "C_spine03_JNT",
                "C_spine04_JNT",
                "C_spine05_JNT",
                "C_spine06_JNT",
                "C_spine07_JNT"
            ]
        },
        "C_spine01_JNT": {
            "joint_matrix": [
                1.0,
                0.0,
                0.0,
                0.0,
                0.0,
                1.0,
                0.0,
                0.0,
                0.0,
                0.0,
                1.0,
                0.0,
                0.0,
                83.63990020751953,
                -1.2626715898513794,
                1.0
            ],
            "parent": "C_spine00_JNT",
            "isLocator": false,
            "isJoint": true,
            "isCurve": false,
            "isSurface": false,
            "children": [
                "C_spine02_JNT",
                "C_spine03_JNT",
                "C_spine04_JNT",
                "C_spine05_JNT",
                "C_spine06_JNT",
                "C_spine07_JNT"
            ]
        },
        "C_spine00_JNT": {
            "joint_matrix": [
                1.0,
                0.0,
                0.0,
                0.0,
                0.0,
                1.0,
                0.0,
                0.0,
                0.0,
                0.0,
                1.0,
                0.0,
                0.0,
                78.63990020751953,
                -1.2626715898513794,
                1.0
            ],
            "parent": "C_guides_GRP",
            "isLocator": false,
            "isJoint": true,
            "isCurve": false,
            "isSurface": false,
            "children": [
                "C_spine01_JNT",
                "C_spine02_JNT",
                "C_spine03_JNT",
                "C_spine04_JNT",
                "C_spine05_JNT",
                "C_spine06_JNT",
                "C_spine07_JNT"
            ]
        },
        "L_tip_JNT": {
            "joint_matrix": [
                -2.2070742202672252e-16,
                -0.1095810507261537,
                0.9939778635974504,
                0.0,
                -2.4331881115758615e-17,
                0.9939778635974504,
                0.1095810507261537,
                0.0,
                -1.0,
                0.0,
                -2.220446049250313e-16,
                0.0,
                24.095071792602564,
                1.7179390928726495,
                13.893914548493909,
                1.0
            ],
            "parent": "L_ball_JNT",
            "isLocator": false,
            "isJoint": true,
            "isCurve": false,
            "isSurface": false,
            "children": []
        },
        "L_ball_JNT": {
            "joint_matrix": [
                -2.2070742202672252e-16,
                -0.1095810507261537,
                0.9939778635974504,
                0.0,
                -2.4331881115758615e-17,
                0.9939778635974504,
                0.1095810507261537,
                0.0,
                -1.0,
                0.0,
                -2.220446049250313e-16,
                0.0,
                24.095071792602567,
                5.336144902516904,
                3.324951543017443,
                1.0
            ],
            "parent": "L_ankle_JNT",
            "isLocator": false,
            "isJoint": true,
            "isCurve": false,
            "isSurface": false,
            "children": [
                "L_tip_JNT"
            ]
        },
        "L_ankle_JNT": {
            "joint_matrix": [
                -1.9176506127574375e-16,
                -0.5041209579642757,
                0.8636330585041201,
                0.0,
                -1.1193733894560589e-16,
                0.8636330585041201,
                0.5041209579642757,
                0.0,
                -1.0,
                0.0,
                -2.220446049250313e-16,
                0.0,
                23.725702285766634,
                12.806620564112777,
                -11.6077160991627,
                1.0
            ],
            "parent": "L_knee_JNT",
            "isLocator": false,
            "isJoint": true,
            "isCurve": false,
            "isSurface": false,
            "children": [
                "L_ball_JNT",
                "L_tip_JNT"
            ]
        },
        "L_knee_JNT": {
            "joint_matrix": [
                9.465021339646995e-18,
                -0.9990910705718591,
                -0.04262666657828801,
                0.0,
                -2.2184278204925497e-16,
                -0.04262666657828801,
                0.9990910705718591,
                0.0,
                -1.0,
                0.0,
                -2.220446049250313e-16,
                0.0,
                23.725702285766634,
                35.565670013427734,
                -10.636691093444824,
                1.0
            ],
            "parent": "L_hip_JNT",
            "isLocator": false,
            "isJoint": true,
            "isCurve": false,
            "isSurface": false,
            "children": [
                "L_ankle_JNT",
                "L_ball_JNT",
                "L_tip_JNT"
            ]
        },
        "L_hip_JNT": {
            "joint_matrix": [
                0.0,
                -1.0,
                0.0,
                0.0,
                -2.2204460492503126e-16,
                0.0,
                1.0,
                0.0,
                -1.0,
                0.0,
                -2.220446049250313e-16,
                0.0,
                23.7257022857666,
                77.80200958251953,
                -10.636691093444824,
                1.0
            ],
            "parent": "C_guides_GRP",
            "isLocator": false,
            "isJoint": true,
            "isCurve": false,
            "isSurface": false,
            "children": [
                "L_knee_JNT",
                "L_ankle_JNT",
                "L_ball_JNT",
                "L_tip_JNT"
            ]
        },
        "L_wrist_JNT": {
            "joint_matrix": [
                0.7404602896656225,
                -0.6647701415315194,
                0.09899100139136971,
                0.0,
                0.6669200913933737,
                0.7449911490725738,
                0.014345016534675091,
                0.0,
                -0.08328355854642921,
                0.05539717259653021,
                0.9949849255863898,
                0.0,
                94.70898444865433,
                87.61920087753528,
                -7.974727984510864,
                1.0
            ],
            "parent": "L_elbow_JNT",
            "isLocator": false,
            "isJoint": true,
            "isCurve": false,
            "isSurface": false,
            "children": []
        },
        "L_elbow_JNT": {
            "joint_matrix": [
                0.7404602896656225,
                -0.6647701415315194,
                0.09899100139136971,
                0.0,
                0.6669200913933737,
                0.7449911490725738,
                0.014345016534675091,
                0.0,
                -0.08328355854642921,
                0.05539717259653021,
                0.9949849255863898,
                0.0,
                73.9776004544729,
                106.23141447534988,
                -10.746274940445222,
                1.0
            ],
            "parent": "L_shoulder_JNT",
            "isLocator": false,
            "isJoint": true,
            "isCurve": false,
            "isSurface": false,
            "children": [
