{
    "maui": {
        "R_wrist_JNT": {
            "joint_matrix": [
                0.684183435813898,
                0.7226386508715319,
                -0.09841954289907152,
                0.0,
                0.7262132460862003,
                -0.6874691238011883,
                0.0007245888285487279,
                0.0,
                -0.06713678102823911,
                -0.07196932740132361,
                -0.9951447475350345,
                0.0,
                -92.12609999999998,
                89.10209999999996,
                -8.433409999999995,
                1.0
            ],
            "parent": "R_elbow_JNT",
            "isLocator": false,
            "isJoint": true,
            "isCurve": false,
            "isSurface": false,
            "children": []
        },
        "R_elbow_JNT": {
            "joint_matrix": [
                0.684183435813898,
                0.7226386508715319,
                -0.09841954289907152,
                0.0,
                0.7262132460862003,
                -0.6874691238011883,
                0.0007245888285487279,
                0.0,
                -0.06713678102823911,
                -0.07196932740132361,
                -0.9951447475350345,
                0.0,
                -76.14389999999999,
                105.98300000000005,
                -10.732400000000002,
                1.0
            ],
            "parent": "R_shoulder_JNT",
            "isLocator": false,
            "isJoint": true,
            "isCurve": false,
            "isSurface": false,
            "children": [
                "R_wrist_JNT"
            ]
        },
        "R_shoulder_JNT": {
            "joint_matrix": [
                0.6874112519168769,
                0.7261375852032679,
                -0.013783254087441677,
                0.0,
                0.7262132460862003,
                -0.6874691238011883,
                0.0007245888285487279,
                0.0,
                -0.00894941042839504,
                -0.010507672206229574,
                -0.9999047439020332,
                0.0,
                -49.6277,
                133.993,
                -11.2641,
                1.0
            ],
            "parent": "C_guides_GRP",
            "isLocator": false,
            "isJoint": true,
            "isCurve": false,
            "isSurface": false,
            "children": [
                "R_elbow_JNT",
                "R_wrist_JNT"
            ]
        },
        "L_cheek_JNT": {
            "joint_matrix": [
                1.0,
                0.0,
                0.0,
                0.0,
                0.0,
                1.0,
                0.0,
                0.0,
                0.0,
                0.0,
                1.0,
                0.0,
                16.192955017089844,
                156.69403076171875,
                13.197200775146484,
                1.0
            ],
            "parent": "C_guides_GRP",
            "isLocator": false,
            "isJoint": true,
            "isCurve": false,
            "isSurface": false,
            "children": []
        },
        "L_cheekbone02_JNT": {
            "joint_matrix": [
                1.0,
                0.0,
                0.0,
                0.0,
                5.204170427930421e-18,
                0.9521256823785378,
                -0.30570686115166584,
                0.0,
                1.1102230246251565e-16,
                0.3057068611516659,
                0.9521256823785379,
                0.0,
                12.392597231733259,
                163.94531244553676,
                18.769706733601044,
                1.0
            ],
            "parent": "L_cheekbone_JNT",
            "isLocator": false,
            "isJoint": true,
            "isCurve": false,
            "isSurface": false,
            "children": []
        },
        "L_cheekbone00_JNT": {
            "joint_matrix": [
                1.0,
                0.0,
                0.0,
                0.0,
                5.204170427930421e-18,
                0.9521256823785378,
                -0.30570686115166584,
                0.0,
                1.1102230246251565e-16,
                0.3057068611516659,
                0.9521256823785379,
                0.0,
                5.929227866093034,
                162.1808471664926,
                21.211997975490743,
                1.0
            ],
            "parent": "L_cheekbone_JNT",
            "isLocator": false,
            "isJoint": true,
            "isCurve": false,
            "isSurface": false,
            "children": []
        },
        "L_cheekbone01_JNT": {
            "joint_matrix": [
                1.0,
                0.0,
                0.0,
                0.0,
                5.204170427930421e-18,
                0.9521256823785378,
                -0.30570686115166584,
                0.0,
                1.1102230246251565e-16,
                0.3057068611516659,
                0.9521256823785379,
                0.0,
                9.912994379533329,
                162.39709474258026,
                20.8667678914936,
                1.0
            ],
            "parent": "L_cheekbone_JNT",
            "isLocator": false,
            "isJoint": true,
            "isCurve": false,
            "isSurface": false,
            "children": []
        },
        "L_cheekbone_JNT": {
            "joint_matrix": [
                0.9605517221914907,
                0.0,
                -0.2781014005627468,
                0.0,
                -0.06657827886698574,
                0.9709203141875414,
                -0.22995885780085923,
                0.0,
                0.27001429921037745,
                0.2394028894937693,
                0.9326191799035461,
                0.0,
                9.501899719238281,
                162.97589111328125,
                19.968910217285156,
                1.0
            ],
            "parent": "C_guides_GRP",
            "isLocator": false,
            "isJoint": true,
            "isCurve": false,
            "isSurface": false,
            "children": [
                "L_cheekbone01_JNT",
                "L_cheekbone00_JNT",
                "L_cheekbone02_JNT"
            ]
        },
        "L_eyebrow07_JNT": {
            "joint_matrix": [
                0.8003351204847562,
                -0.32232592453212816,
                -0.5055390126322198,
                0.0,
                0.27251312247527903,
                0.9466287542508461,
                -0.17213541095389048,
                0.0,
                0.5340414712336715,
                -7.355227538141664e-16,
                0.845458282236667,
                0.0,
                7.988121032714844,
                169.0225830078125,
                21.508315086364746,
                1.0
            ],
            "parent": "L_eyebrowMain_JNT",
            "isLocator": false,
            "isJoint": true,
            "isCurve": false,
            "isSurface": false,
            "children": []
        },
        "L_eyebrow06_JNT": {
            "joint_matrix": [
                0.8608404315312133,
                -0.30216631922965337,
                -0.40944995660563666,
                0.0,
                0.2728723420861911,
                0.953255220559113,
                -0.12978894175234468,
                0.0,
                0.42952815549804324,
                -1.457167719820518e-15,
                0.9030534666532479,
                0.0,
                7.232078671455383,
                169.2879638671875,
                21.867918968200684,
                1.0
            ],
            "parent": "L_eyebrowMain_JNT",
            "isLocator": false,
            "isJoint": true,
            "isCurve": false,
            "isSurface": false,
            "children": []
        },
        "L_eyebrow05_JNT": {
            "joint_matrix": [
                0.9186509372743008,
                -0.18481063319908403,
                -0.3491783001585327,
                0.0,
                0.1727522660329811,
                0.9827741499737127,
                -0.06566296310643091,
                0.0,
                0.3552986209169955,
                -3.8163916471489756e-16,
                0.9347528496744373,
                0.0,
                6.330398678779602,
                169.4693603515625,
                22.210646629333496,
                1.0
            ],
            "parent": "L_eyebrowMain_JNT",
            "isLocator": false,
            "isJoint": true,
            "isCurve": false,
            "isSurface": false,
            "children": []
        },
        "L_eyebrow04_JNT": {
            "joint_matrix": [
                0.9593520896670361,
                0.0019899861034295987,
                -0.28220490429260664,
                0.0,
                -0.001909101106856919,
                0.9999980199756938,
                0.0005615849496208064,
                0.0,
                0.2822054630662824,
                2.0118851246433977e-13,
                0.959353989211253,
                0.0,
                5.388816952705383,
                169.4674072265625,
                22.487624168395996,
                1.0
            ],
            "parent": "L_eyebrowMain_JNT",
            "isLocator": false,
            "isJoint": true,
            "isCurve": false,
            "isSurface": false,
            "children": []
        },
        "L_eyebrow03_JNT": {
            "joint_matrix": [
                0.9843655828253043,
                0.0212314395497194,
                -0.1748531535993723,
                0.0,
                -0.020904210435205538,
                0.9997745875819442,
                0.0037132211668621557,
                0.0,
                0.17489257655795376,
                2.3072689592229523e-14,
                0.9845875210792183,
                0.0,
                4.505916714668274,
                169.4483642578125,
                22.64445400238037,
                1.0
            ],
            "parent": "L_eyebrowMain_JNT",
            "isLocator": false,
            "isJoint": true,
            "isCurve": false,
            "isSurface": false,
            "children": []
        },
        "L_eyebrow02_JNT": {
            "joint_matrix": [
                0.9891605334184348,
                0.09656242984105631,
                -0.11062159043581235,
                0.0,
                -0.09596419201776635,
                0.9953269297789501,
                0.01073204114724647,
                0.0,
                0.1111409599460739,
                1.4092026157097592e-14,
                0.9938046523448485,
                0.0,
                3.625595211982727,
                169.3624267578125,
                22.74290370941162,
                1.0
            ],
            "parent": "L_eyebrowMain_JNT",
            "isLocator": false,
            "isJoint": true,
            "isCurve": false,
            "isSurface": false,
            "children": []
        },
        "L_eyebrow01_JNT": {
            "joint_matrix": [
                0.9784137340376469,
                0.20512910222196234,
                0.025072225033301525,
                0.0,
                -0.20506178531800062,
                0.9787349239817754,
                -0.005254786444994265,
                0.0,
                -0.025616971887852148,
                -6.226789917018749e-15,
                0.9996718315283756,
                0.0,
                2.6940040588378906,
                169.1671142578125,
                22.71903133392334,
                1.0
            ],
            "parent": "L_eyebrowMain_JNT",
            "isLocator": false,
            "isJoint": true,
            "isCurve": false,
            "isSurface": false,
            "children": []
        },
        "L_eyebrow00_JNT": {
            "joint_matrix": [
                0.9798306525962863,
                0.19259579597696708,
                0.05327993623057461,
                0.0,
                -0.19231169000640508,
                0.9812781763455246,
                -0.010457270909844536,
                0.0,
                -0.05429646507477239,
                3.383491403718962e-14,
                0.9985248589195884,
                0.0,
                1.6770634651184082,
                168.96722412109375,
                22.66373348236084,
                1.0
            ],
            "parent": "L_eyebrowMain_JNT",
            "isLocator": false,
            "isJoint": true,
            "isCurve": false,
            "isSurface": false,
            "children": []
        },
        "L_eyebrow08_JNT": {
            "joint_matrix": [
                0.7519025941319939,
                -0.3616256349058309,
                -0.5512434934913363,
                0.0,
                0.29164478380853076,
                0.9323233881969039,
                -0.2138139843376028,
                0.0,
                0.5912578194111716,
                1.096345236817342e-15,
                0.8064826042669156,
                0.0,
                8.638877868652344,
                168.760498046875,
                21.09725856781006,
                1.0
            ],
            "parent": "L_eyebrowMain_JNT",
            "isLocator": false,
            "isJoint": true,
            "isCurve": false,
            "isSurface": false,
            "children": []
        },
        "L_eyebrow09_JNT": {
            "joint_matrix": [
                0.5491511333702164,
                -0.43212085801124167,
                -0.7153353037491126,
                0.0,
                0.26313542541344337,
                0.901815704050239,
                -0.3427654939180108,
                0.0,
                0.7932167299109953,
                1.6653345369377348e-16,
                0.6089394217730586,
                0.0,
                9.213508605957031,
                168.484130859375,
                20.675978660583496,
                1.0
            ],
            "parent": "L_eyebrowMain_JNT",
            "isLocator": false,
            "isJoint": true,
            "isCurve": false,
            "isSurface": false,
            "children": []
        },
        "L_eyebrowMain_JNT": {
            "joint_matrix": [
                1.0,
                0.0,
                0.0,
                0.0,
                0.0,
                1.0,
                0.0,
                0.0,
                0.0,
                0.0,
                1.0,
                0.0,
                5.474558353424072,
                169.26052856445312,
                21.743438720703125,
                1.0
            ],
            "parent": "C_guides_GRP",
            "isLocator": false,
            "isJoint": true,
            "isCurve": false,
            "isSurface": false,
            "children": [
                "L_eyebrow09_JNT",
                "L_eyebrow08_JNT",
                "L_eyebrow00_JNT",
                "L_eyebrow01_JNT",
                "L_eyebrow02_JNT",
                "L_eyebrow03_JNT",
                "L_eyebrow04_JNT",
                "L_eyebrow05_JNT",
                "L_eyebrow06_JNT",
                "L_eyebrow07_JNT"
            ]
        },
        "L_upInSocket_JNT": {
            "joint_matrix": [
                1.0,
                0.0,
                0.0,
                0.0,
                0.0,
                1.0,
                0.0,
                0.0,
                0.0,
                0.0,
                1.0,
                0.0,
                1.8289422988891602,
                167.21185302734375,
                21.76300048828125,
                1.0
            ],
            "parent": "C_guides_GRP",
            "isLocator": false,
            "isJoint": true,
            "isCurve": false,
            "isSurface": false,
            "children": []
        },
        "L_inSocket_JNT": {
            "joint_matrix": [
                1.0,
                0.0,
                0.0,
                0.0,
                0.0,
                1.0,
                0.0,
                0.0,
                0.0,
                0.0,
                1.0,
                0.0,
                1.3893146514892578,
                165.0440673828125,
                21.442337036132812,
                1.0
            ],
            "parent": "C_guides_GRP",
            "isLocator": false,
            "isJoint": true,
            "isCurve": false,
            "isSurface": false,
            "children": []
        },
        "L_downInSocket_JNT": {
            "joint_matrix": [
                1.0,
                0.0,
                0.0,
                0.0,
                0.0,
                1.0,
                0.0,
                0.0,
                0.0,
                0.0,
                1.0,
                0.0,
                2.3782882690429688,
                163.48577880859375,
                21.37895965576172,
                1.0
            ],
            "parent": "C_guides_GRP",
            "isLocator": false,
            "isJoint": true,
            "isCurve": false,
            "isSurface": false,
            "children": []
        },
        "L_lowerSocket_JNT": {
            "joint_matrix": [
                1.0,
                0.0,
                0.0,
                0.0,
                0.0,
                1.0,
                0.0,
                0.0,
                0.0,
                0.0,
                1.0,
                0.0,
                4.458686828613281,
                162.5806884765625,
                21.014511108398438,
                1.0
            ],
            "parent": "C_guides_GRP",
            "isLocator": false,
            "isJoint": true,
            "isCurve": false,
            "isSurface": false,
            "children": []
        },
        "L_downOutSocket_JNT": {
            "joint_matrix": [
                1.0,
                0.0,
                0.0,
                0.0,
                0.0,
                1.0,
                0.0,
                0.0,
                0.0,
                0.0,
                1.0,
                0.0,
                7.415014266967773,
                163.40106201171875,
                20.257171630859375,
                1.0
            ],
            "parent": "C_guides_GRP",
            "isLocator": false,
            "isJoint": true,
            "isCurve": false,
            "isSurface": false,
            "children": []
        },
        "L_outSocket_JNT": {
            "joint_matrix": [
                1.0,
                0.0,
                0.0,
                0.0,
                0.0,
                1.0,
                0.0,
                0.0,
                0.0,
                0.0,
                1.0,
                0.0,
                8.403083801269531,
                164.9263916015625,
                19.637649536132812,
                1.0
            ],
            "parent": "C_guides_GRP",
            "isLocator": false,
            "isJoint": true,
            "isCurve": false,
            "isSurface": false,
            "children": []
        },
        "L_upOutSocket_JNT": {
            "joint_matrix": [
                1.0,
                0.0,
                0.0,
                0.0,
                0.0,
                1.0,
                0.0,
                0.0,
                0.0,
                0.0,
                1.0,
                0.0,
                6.970905303955078,
                166.6358642578125,
                20.593307495117188,
                1.0
            ],
            "parent": "C_guides_GRP",
            "isLocator": false,
            "isJoint": true,
            "isCurve": false,
            "isSurface": false,
            "children": []
        },
        "L_upperSocket_JNT": {
            "joint_matrix": [
                1.0,
                0.0,
                0.0,
                0.0,
                0.0,
                1.0,
                0.0,
                0.0,
                0.0,
                0.0,
                1.0,
                0.0,
                4.612579345703125,
                167.728515625,
                21.74322509765625,
                1.0
            ],
            "parent": "C_guides_GRP",
            "isLocator": false,
            "isJoint": true,
            "isCurve": false,
            "isSurface": false,
            "children": []
        },
        "C_eyebrowMid_JNT": {
            "joint_matrix": [
                1.0,
                0.0,
                0.0,
                0.0,
                0.0,
                1.0,
                0.0,
                0.0,
                0.0,
                0.0,
                1.0,
                0.0,
                0.0,
                168.57305908203125,
                22.699844360351562,
                1.0
            ],
            "parent": "C_guides_GRP",
            "isLocator": false,
            "isJoint": true,
            "isCurve": false,
            "isSurface": false,
            "children": []
        },
        "L_ear02_JNT": {
            "joint_matrix": [
                0.941441824339206,
                -0.3371754608284353,
                0.0,
                0.0,
                0.3346449621673089,
                0.934376312305307,
                -0.12228514340988422,
                0.0,
                0.04123154958169899,
                0.11512434850138292,
                0.9924950094087244,
                0.0,
                22.138851609624794,
                168.64349505179095,
                2.2966135834185235,
                1.0
            ],
            "parent": "L_ear01_JNT",
            "isLocator": false,
            "isJoint": true,
            "isCurve": false,
            "isSurface": false,
            "children": []
        },
        "L_ear01_JNT": {
            "joint_matrix": [
                0.941441824339206,
                -0.3371754608284353,
                0.0,
                0.0,
                0.3346449621673089,
                0.934376312305307,
                -0.12228514340988422,
                0.0,
                0.04123154958169899,
                0.11512434850138292,
                0.9924950094087244,
                0.0,
                20.006904574077456,
                162.69079582033206,
                3.0756644536175815,
                1.0
            ],
            "parent": "L_ear00_JNT",
            "isLocator": false,
            "isJoint": true,
            "isCurve": false,
            "isSurface": false,
            "children": [
                "L_ear02_JNT"
            ]
        },
        "L_ear00_JNT": {
            "joint_matrix": [
                0.941441824339206,
                -0.3371754608284353,
                0.0,
                0.0,
                0.2848218961752609,
                0.7952632284928605,
                -0.535194249657301,
                0.0,
                0.1804543677609291,
                0.503854250773222,
                0.8447290187591276,
                0.0,
                18.833633422851562,
                159.41485595703125,
                5.280298233032227,
                1.0
            ],
            "parent": "C_guides_GRP",
            "isLocator": false,
            "isJoint": true,
            "isCurve": false,
            "isSurface": false,
            "children": [
                "L_ear01_JNT",
                "L_ear02_JNT"
            ]
        },
        "L_nose_JNT": {
            "joint_matrix": [
                1.0,
                0.0,
                0.0,
                0.0,
                0.0,
                1.0,
                0.0,
                0.0,
                0.0,
                0.0,
                1.0,
                0.0,
                4.177678108215332,
                161.712646484375,
                22.944122314453125,
                1.0
            ],
            "parent": "C_guides_GRP",
            "isLocator": false,
            "isJoint": true,
            "isCurve": false,
            "isSurface": false,
            "children": []
        },
        "L_nosetril_JNT": {
            "joint_matrix": [
                1.0,
                0.0,
                0.0,
                0.0,
                0.0,
                1.0,
                0.0,
                0.0,
                0.0,
                0.0,
                1.0,
                0.0,
                1.9089183807373047,
                160.945068359375,
                23.91748046875,
                1.0
            ],
            "parent": "C_guides_GRP",
            "isLocator": false,
            "isJoint": true,
            "isCurve": false,
            "isSurface": false,
            "children": []
        },
        "C_noseTip_JNT": {
            "joint_matrix": [
                1.0,
                0.0,
                0.0,
                0.0,
                0.0,
                1.0,
                0.0,
                0.0,
                0.0,
                0.0,
                1.0,
                0.0,
                0.0,
                162.5556640625,
                24.885589599609375,
                1.0
            ],
            "parent": "C_guides_GRP",
            "isLocator": false,
            "isJoint": true,
            "isCurve": false,
            "isSurface": false,
            "children": []
        },
        "C_noseMain_JNT": {
            "joint_matrix": [
                1.0,
                0.0,
                0.0,
                0.0,
                0.0,
                1.0,
                0.0,
                0.0,
                0.0,
                0.0,
                1.0,
                0.0,
                0.0,
                167.00286865234375,
                22.10834503173828,
                1.0
            ],
            "parent": "C_guides_GRP",
            "isLocator": false,
            "isJoint": true,
            "isCurve": false,
            "isSurface": false,
            "children": []
        },
        "C_throat_JNT": {
            "joint_matrix": [
                1.0,
                0.0,
                0.0,
                0.0,
                0.0,
                1.0,
                0.0,
                0.0,
                0.0,
                0.0,
                1.0,
                0.0,
                0.0,
                141.3734130859375,
                12.663825988769531,
                1.0
            ],
            "parent": "C_guides_GRP",
            "isLocator": false,
            "isJoint": true,
            "isCurve": false,
            "isSurface": false,
            "children": []
        },
        "C_neck04_JNT": {
            "joint_matrix": [
                1.0,
                0.0,
                0.0,
                0.0,
                0.0,
                0.9537238448105966,
                0.30068393345786393,
                0.0,
                0.0,
                -0.30068393345786393,
                0.9537238448105966,
                0.0,
                0.0,
                155.94484622969208,
                -0.5288663988750344,
                1.0
            ],
            "parent": "C_neck03_JNT",
            "isLocator": false,
            "isJoint": true,
            "isCurve": false,
            "isSurface": false,
            "children": []
        },
        "C_neck03_JNT": {
            "joint_matrix": [
                1.0,
                0.0,
                0.0,
                0.0,
                0.0,
                0.9537238448105966,
                0.30068393345786393,
                0.0,
                0.0,
                -0.30068393345786393,
                0.9537238448105966,
                0.0,
                0.0,
                152.606812772855,
                -1.581260165977565,
                1.0
            ],
            "parent": "C_neck02_JNT",
            "isLocator": false,
            "isJoint": true,
            "isCurve": false,
            "isSurface": false,
            "children": [
                "C_neck04_JNT"
            ]
        },
        "C_neck02_JNT": {
            "joint_matrix": [
                1.0,
                0.0,
                0.0,
                0.0,
                0.0,
                0.9537238448105966,
                0.30068393345786393,
                0.0,
                0.0,
                -0.30068393345786393,
                0.9537238448105966,
                0.0,
                0.0,
                149.26877931601786,
                -2.6336539330801125,
                1.0
            ],
            "parent": "C_neck01_JNT",
            "isLocator": false,
            "isJoint": true,
            "isCurve": false,
            "isSurface": false,
            "children": [
                "C_neck03_JNT",
                "C_neck04_JNT"
            ]
        },
        "C_neck01_JNT": {
            "joint_matrix": [
                1.0,
                0.0,
                0.0,
                0.0,
                0.0,
                0.9537238448105966,
                0.30068393345786393,
                0.0,
                0.0,
                -0.30068393345786393,
                0.9537238448105966,
                0.0,
                0.0,
                145.93074585918083,
                -3.6860477001826055,
                1.0
            ],
            "parent": "C_neck00_JNT",
            "isLocator": false,
            "isJoint": true,
            "isCurve": false,
            "isSurface": false,
            "children": [
                "C_neck02_JNT",
                "C_neck03_JNT",
                "C_neck04_JNT"
            ]
        },
        "C_neck00_JNT": {
            "joint_matrix": [
                1.0,
                0.0,
                0.0,
                0.0,
                0.0,
                0.9537238448105966,
                0.30068393345786393,
                0.0,
                0.0,
                -0.30068393345786393,
                0.9537238448105966,
                0.0,
                0.0,
                142.59271240234375,
                -4.738441467285156,
                1.0
            ],
            "parent": "C_guides_GRP",
            "isLocator": false,
            "isJoint": true,
            "isCurve": false,
            "isSurface": false,
            "children": [
                "C_neck01_JNT",
                "C_neck02_JNT",
                "C_neck03_JNT",
                "C_neck04_JNT"
            ]
        },
        "C_spine07_JNT": {
            "joint_matrix": [
                1.0,
                0.0,
                0.0,
                0.0,
                0.0,
                1.0,
                0.0,
                0.0,
                0.0,
                0.0,
                1.0,
                0.0,
                0.0,
                113.63990020751953,
                -1.2626715898513687,
                1.0
            ],
            "parent": "C_spine06_JNT",
            "isLocator": false,
            "isJoint": true,
            "isCurve": false,
            "isSurface": false,
            "children": []
        },
        "C_spine06_JNT": {
            "joint_matrix": [
                1.0,
                0.0,
                0.0,
                0.0,
                0.0,
                1.0,
                0.0,
                0.0,
                0.0,
                0.0,
                1.0,
                0.0,
                0.0,
                108.63990020751953,
                -1.2626715898514078,
                1.0
            ],
            "parent": "C_spine05_JNT",
            "isLocator": false,
            "isJoint": true,
            "isCurve": false,
            "isSurface": false,
            "children": [
                "C_spine07_JNT"
            ]
        },
        "C_spine05_JNT": {
            "joint_matrix": [
                1.0,
                0.0,
                0.0,
                0.0,
                0.0,
                1.0,
                0.0,
                0.0,
                0.0,
                0.0,
                1.0,
                0.0,
                0.0,
                103.63990020751953,
                -1.262671589851383,
                1.0
            ],
            "parent": "C_spine04_JNT",
            "isLocator": false,
            "isJoint": true,
            "isCurve": false,
            "isSurface": false,
            "children": [
                "C_spine06_JNT",
                "C_spine07_JNT"
            ]
        },
        "C_spine04_JNT": {
            "joint_matrix": [
                1.0,
                0.0,
                0.0,
                0.0,
                0.0,
                1.0,
                0.0,
                0.0,
                0.0,
                0.0,
                1.0,
                0.0,
                0.0,
                98.63990020751953,
                -1.2626715898513865,
                1.0
            ],
            "parent": "C_spine03_JNT",
            "isLocator": false,
            "isJoint": true,
            "isCurve": false,
            "isSurface": false,
            "children": [
                "C_spine05_JNT",
                "C_spine06_JNT",
                "C_spine07_JNT"
            ]
        },
        "C_spine03_JNT": {
            "joint_matrix": [
                1.0,
                0.0,
                0.0,
                0.0,
                0.0,
                1.0,
                0.0,
                0.0,
                0.0,
                0.0,
                1.0,
                0.0,
                0.0,
                93.63990020751953,
                -1.2626715898513865,
                1.0
            ],
            "parent": "C_spine02_JNT",
            "isLocator": false,
            "isJoint": true,
            "isCurve": false,
            "isSurface": false,
            "children": [
                "C_spine04_JNT",
                "C_spine05_JNT",
                "C_spine06_JNT",
                "C_spine07_JNT"
            ]
        },
        "C_spine02_JNT": {
            "joint_matrix": [
                1.0,
                0.0,
                0.0,
                0.0,
                0.0,
                1.0,
                0.0,
                0.0,
                0.0,
                0.0,
                1.0,
                0.0,
                0.0,
                88.63990020751953,
                -1.262671589851358,
                1.0
            ],
            "parent": "C_spine01_JNT",
            "isLocator": false,
            "isJoint": true,
            "isCurve": false,
            "isSurface": false,
            "children": [
                "C_spine03_JNT",
                "C_spine04_JNT",
                "C_spine05_JNT",
                "C_spine06_JNT",
                "C_spine07_JNT"
            ]
        },
        "C_spine01_JNT": {
            "joint_matrix": [
                1.0,
                0.0,
                0.0,
                0.0,
                0.0,
                1.0,
                0.0,
                0.0,
                0.0,
                0.0,
                1.0,
                0.0,
                0.0,
                83.63990020751953,
                -1.2626715898513794,
                1.0
            ],
            "parent": "C_spine00_JNT",
            "isLocator": false,
            "isJoint": true,
            "isCurve": false,
            "isSurface": false,
            "children": [
                "C_spine02_JNT",
                "C_spine03_JNT",
                "C_spine04_JNT",
                "C_spine05_JNT",
                "C_spine06_JNT",
                "C_spine07_JNT"
            ]
        },
        "C_spine00_JNT": {
            "joint_matrix": [
                1.0,
                0.0,
                0.0,
                0.0,
                0.0,
                1.0,
                0.0,
                0.0,
                0.0,
                0.0,
                1.0,
                0.0,
                0.0,
                78.63990020751953,
                -1.2626715898513794,
                1.0
            ],
            "parent": "C_guides_GRP",
            "isLocator": false,
            "isJoint": true,
            "isCurve": false,
            "isSurface": false,
            "children": [
                "C_spine01_JNT",
                "C_spine02_JNT",
                "C_spine03_JNT",
                "C_spine04_JNT",
                "C_spine05_JNT",
                "C_spine06_JNT",
                "C_spine07_JNT"
            ]
        },
        "L_tip_JNT": {
            "joint_matrix": [
                -2.2070742202672252e-16,
                -0.10958105072615365,
                0.9939778635974506,
                0.0,
                -2.4331881115758602e-17,
                0.9939778635974506,
                0.10958105072615365,
                0.0,
                -1.0,
                0.0,
                -2.220446049250313e-16,
                0.0,
                24.095071792602557,
                1.7179390928726495,
                13.893914548493909,
                1.0
            ],
            "parent": "L_ball_JNT",
            "isLocator": false,
            "isJoint": true,
            "isCurve": false,
            "isSurface": false,
            "children": []
        },
        "L_ball_JNT": {
            "joint_matrix": [
                -2.2070742202672252e-16,
                -0.10958105072615365,
                0.9939778635974506,
                0.0,
                -2.4331881115758602e-17,
                0.9939778635974506,
                0.10958105072615365,
                0.0,
                -1.0,
                0.0,
                -2.220446049250313e-16,
                0.0,
                24.095071792602575,
                5.336144902516904,
                3.3249515430174412,
                1.0
            ],
            "parent": "L_ankle_JNT",
            "isLocator": false,
            "isJoint": true,
            "isCurve": false,
            "isSurface": false,
            "children": [
                "L_tip_JNT"
            ]
        },
        "L_ankle_JNT": {
            "joint_matrix": [
                -1.9176506127574375e-16,
                -0.5041209579642757,
                0.8636330585041201,
                0.0,
                -1.1193733894560589e-16,
                0.8636330585041201,
                0.5041209579642757,
                0.0,
                -1.0,
                0.0,
                -2.220446049250313e-16,
                0.0,
                23.725702285766634,
                12.806620564112784,
                -11.607716099162698,
                1.0
            ],
            "parent": "L_knee_JNT",
            "isLocator": false,
            "isJoint": true,
            "isCurve": false,
            "isSurface": false,
            "children": [
                "L_ball_JNT",
                "L_tip_JNT"
            ]
        },
        "L_knee_JNT": {
            "joint_matrix": [
                9.465021339646994e-18,
                -0.9990910705718591,
                -0.042626666578288,
                0.0,
                -2.2184278204925497e-16,
                -0.042626666578288,
                0.9990910705718591,
                0.0,
                -1.0,
                0.0,
                -2.220446049250313e-16,
                0.0,
                23.725702285766634,
                35.565670013427734,
                -10.636691093444824,
                1.0
            ],
            "parent": "L_hip_JNT",
            "isLocator": false,
            "isJoint": true,
            "isCurve": false,
            "isSurface": false,
            "children": [
                "L_ankle_JNT",
