{
    "maui": {
        "R_ear02_JNT": {
            "joint_matrix": [
                -0.9414411574202488,
                -0.33717732295518144,
                7.632783294297953e-16,
                0.0,
                -0.33464669839387334,
                0.9343753378831774,
                -0.1222878375382363,
                0.0,
                0.04123268569111997,
                -0.11512680331041686,
                -0.9924946774619108,
                0.0,
                -22.13879246766428,
                168.64350560467088,
                2.296615655669817,
                1.0
            ],
            "parent": "R_ear01_JNT",
            "isLocator": false,
            "isJoint": true,
            "isCurve": false,
            "isSurface": false,
            "children": []
        },
        "R_ear01_JNT": {
            "joint_matrix": [
                -0.9414411574202488,
                -0.33717732295518144,
                7.632783294297953e-16,
                0.0,
                -0.33464669839387334,
                0.9343753378831774,
                -0.1222878375382363,
                0.0,
                0.04123268569111997,
                -0.11512680331041686,
                -0.9924946774619108,
                0.0,
                -20.00689915723609,
                162.69099347225563,
                3.075660015126342,
                1.0
            ],
            "parent": "R_ear00_JNT",
            "isLocator": false,
            "isJoint": true,
            "isCurve": false,
            "isSurface": false,
            "children": [
                "R_ear02_JNT"
            ]
        },
        "R_ear00_JNT": {
            "joint_matrix": [
                -0.9414411574202488,
                -0.33717732295518144,
                7.632783294297953e-16,
                0.0,
                -0.2848247943641318,
                0.7952663652406861,
                -0.5351880462344967,
                0.0,
                0.18045327270696085,
                -0.5038480536844863,
                -0.8447329490245439,
                0.0,
                -18.833599090576172,
                159.4149932861328,
                5.280300140380859,
                1.0
            ],
            "parent": "C_guides_GRP",
            "isLocator": false,
            "isJoint": true,
            "isCurve": false,
            "isSurface": false,
            "children": [
                "R_ear01_JNT",
                "R_ear02_JNT"
            ]
        },
        "R_tip_JNT": {
            "joint_matrix": [
                0.0,
                0.10958105072615376,
                -0.9939778635974506,
                0.0,
                0.0,
                -0.9939778635974506,
                -0.10958105072615376,
                0.0,
                -1.0,
                0.0,
                0.0,
                0.0,
                -24.095100373029705,
                1.7179401900057059,
                13.893900740635502,
                1.0
            ],
            "parent": "R_ball_JNT",
            "isLocator": false,
            "isJoint": true,
            "isCurve": false,
            "isSurface": false,
            "children": []
        },
        "R_ball_JNT": {
            "joint_matrix": [
                0.0,
                0.10958105072615376,
                -0.9939778635974506,
                0.0,
                0.0,
                -0.9939778635974506,
                -0.10958105072615376,
                0.0,
                -1.0,
                0.0,
                0.0,
                0.0,
                -24.095100373029712,
                5.336140270894874,
                3.3249505359244154,
                1.0
            ],
            "parent": "R_ankle_JNT",
            "isLocator": false,
            "isJoint": true,
            "isCurve": false,
            "isSurface": false,
            "children": [
                "R_tip_JNT"
            ]
        },
        "R_ankle_JNT": {
            "joint_matrix": [
                0.0,
                0.5041209579642756,
                -0.8636330585041201,
                0.0,
                0.0,
                -0.8636330585041201,
                -0.5041209579642756,
                0.0,
                -1.0,
                0.0,
                0.0,
                0.0,
                -23.72570037841797,
                12.806600378907454,
                -11.607699683003876,
                1.0
            ],
            "parent": "R_knee_JNT",
            "isLocator": false,
            "isJoint": true,
            "isCurve": false,
            "isSurface": false,
            "children": [
                "R_ball_JNT",
                "R_tip_JNT"
            ]
        },
        "R_knee_JNT": {
            "joint_matrix": [
                0.0,
                0.9990910705718591,
                0.04262666657828722,
                0.0,
                0.0,
                0.04262666657828722,
                -0.9990910705718591,
                0.0,
                -1.0,
                0.0,
                0.0,
                0.0,
                -23.72570037841797,
                35.56570053100586,
                -10.636699676513672,
                1.0
            ],
            "parent": "R_hip_JNT",
            "isLocator": false,
            "isJoint": true,
            "isCurve": false,
            "isSurface": false,
            "children": [
                "R_ankle_JNT",
                "R_ball_JNT",
                "R_tip_JNT"
            ]
        },
        "R_hip_JNT": {
            "joint_matrix": [
                0.0,
                1.0,
                0.0,
                0.0,
                0.0,
                0.0,
                -1.0,
                0.0,
                -1.0,
                0.0,
                0.0,
                0.0,
                -23.72570037841797,
                77.802001953125,
                -10.636699676513672,
                1.0
            ],
            "parent": "C_guides_GRP",
            "isLocator": false,
            "isJoint": true,
            "isCurve": false,
            "isSurface": false,
            "children": [
                "R_knee_JNT",
                "R_ankle_JNT",
                "R_ball_JNT",
                "R_tip_JNT"
            ]
        },
        "R_clavicle_JNT": {
            "joint_matrix": [
                1.0,
                0.0,
                0.0,
                0.0,
                0.0,
                -1.0,
                -1.2246467991473532e-16,
                0.0,
                0.0,
                1.2246467991473532e-16,
                -1.0,
                0.0,
                -5.192170143127441,
                127.0459976196289,
                -11.246199607849121,
                1.0
            ],
            "parent": "C_guides_GRP",
            "isLocator": false,
            "isJoint": true,
            "isCurve": false,
            "isSurface": false,
            "children": []
        },
        "R_cheekbone01_JNT": {
            "joint_matrix": [
                -0.9999999999999999,
                1.3877787807814457e-17,
                8.326672684688674e-16,
                0.0,
                -2.42861286636753e-16,
                0.9521256823785376,
                -0.30570686115166673,
                0.0,
                -7.771561172376096e-16,
                -0.3057068611516667,
                -0.9521256823785375,
                0.0,
                -9.912989750042357,
                162.39699789254504,
                20.866800676251067,
                1.0
            ],
            "parent": "R_cheekbone_JNT",
            "isLocator": false,
            "isJoint": true,
            "isCurve": false,
            "isSurface": false,
            "children": []
        },
        "R_cheekbone00_JNT": {
            "joint_matrix": [
                -1.0,
                2.7755575615628914e-17,
                0.0,
                0.0,
                2.42861286636753e-17,
                0.9521256823785375,
                -0.30570686115166673,
                0.0,
                0.0,
                -0.30570686115166673,
                -0.9521256823785376,
                0.0,
                -5.929229767925216,
                162.1809978610161,
                21.212000656759304,
                1.0
            ],
            "parent": "R_cheekbone_JNT",
            "isLocator": false,
            "isJoint": true,
            "isCurve": false,
            "isSurface": false,
            "children": []
        },
        "R_cheekbone02_JNT": {
            "joint_matrix": [
                -1.0,
                2.7755575615628914e-17,
                0.0,
                0.0,
                2.42861286636753e-17,
                0.9521256823785375,
                -0.30570686115166673,
                0.0,
                0.0,
                -0.30570686115166673,
                -0.9521256823785376,
                0.0,
                -12.392599731140134,
                163.944997948873,
                18.76970072098034,
                1.0
            ],
            "parent": "R_cheekbone_JNT",
            "isLocator": false,
            "isJoint": true,
            "isCurve": false,
            "isSurface": false,
            "children": []
        },
        "R_cheekbone_JNT": {
            "joint_matrix": [
                -0.9605517221914908,
                -6.938893903907228e-18,
                0.27810140056274635,
                0.0,
                -0.06657827886698547,
                0.9709203141875415,
                -0.22995885780085867,
                0.0,
                -0.270014299210377,
                -0.2394028894937687,
                -0.9326191799035464,
                0.0,
                -9.501899719238281,
                162.9759979248047,
                19.968900680541992,
                1.0
            ],
            "parent": "C_guides_GRP",
            "isLocator": false,
            "isJoint": true,
            "isCurve": false,
            "isSurface": false,
            "children": [
                "R_cheekbone02_JNT",
                "R_cheekbone00_JNT",
                "R_cheekbone01_JNT"
            ]
        },
        "R_inSocket_JNT": {
            "joint_matrix": [
                1.0,
                0.0,
                0.0,
                0.0,
                0.0,
                1.0,
                0.0,
                0.0,
                0.0,
                0.0,
                1.0,
                0.0,
                -1.3893100023269653,
                165.04400634765625,
                21.44230079650879,
                1.0
            ],
            "parent": "C_guides_GRP",
            "isLocator": false,
            "isJoint": true,
            "isCurve": false,
            "isSurface": false,
            "children": []
        },
        "R_downInSocket_JNT": {
            "joint_matrix": [
                1.0,
                0.0,
                0.0,
                0.0,
                0.0,
                1.0,
                0.0,
                0.0,
                0.0,
                0.0,
                1.0,
                0.0,
                -2.3782899379730225,
                163.48599243164062,
                21.378999710083008,
                1.0
            ],
            "parent": "C_guides_GRP",
            "isLocator": false,
            "isJoint": true,
            "isCurve": false,
            "isSurface": false,
            "children": []
        },
        "R_lowerSocket_JNT": {
            "joint_matrix": [
                1.0,
                0.0,
                0.0,
                0.0,
                0.0,
                1.0,
                0.0,
                0.0,
                0.0,
                0.0,
                1.0,
                0.0,
                -4.458690166473389,
                162.58099365234375,
                21.01449966430664,
                1.0
            ],
            "parent": "C_guides_GRP",
            "isLocator": false,
            "isJoint": true,
            "isCurve": false,
            "isSurface": false,
            "children": []
        },
        "R_downOutSocket_JNT": {
            "joint_matrix": [
                1.0,
                0.0,
                0.0,
                0.0,
                0.0,
                1.0,
                0.0,
                0.0,
                0.0,
                0.0,
                1.0,
                0.0,
                -7.41500997543335,
                163.4010009765625,
                20.257200241088867,
                1.0
            ],
            "parent": "C_guides_GRP",
            "isLocator": false,
            "isJoint": true,
            "isCurve": false,
            "isSurface": false,
            "children": []
        },
        "R_outSocket_JNT": {
            "joint_matrix": [
                1.0,
                0.0,
                0.0,
                0.0,
                0.0,
                1.0,
                0.0,
                0.0,
                0.0,
                0.0,
                1.0,
                0.0,
                -8.403079986572266,
                164.92599487304688,
                19.63759994506836,
                1.0
            ],
            "parent": "C_guides_GRP",
            "isLocator": false,
            "isJoint": true,
            "isCurve": false,
            "isSurface": false,
            "children": []
        },
        "R_upOutSocket_JNT": {
            "joint_matrix": [
                1.0,
                0.0,
                0.0,
                0.0,
                0.0,
                1.0,
                0.0,
                0.0,
                0.0,
                0.0,
                1.0,
                0.0,
                -6.97091007232666,
                166.63600158691406,
                20.593299865722656,
                1.0
            ],
            "parent": "C_guides_GRP",
            "isLocator": false,
            "isJoint": true,
            "isCurve": false,
            "isSurface": false,
            "children": []
        },
        "R_upperSocket_JNT": {
            "joint_matrix": [
                1.0,
                0.0,
                0.0,
                0.0,
                0.0,
                1.0,
                0.0,
                0.0,
                0.0,
                0.0,
                1.0,
                0.0,
                -4.612579822540283,
                167.72900390625,
                21.743200302124023,
                1.0
            ],
            "parent": "C_guides_GRP",
            "isLocator": false,
            "isJoint": true,
            "isCurve": false,
            "isSurface": false,
            "children": []
        },
        "R_upInSocket_JNT": {
            "joint_matrix": [
                1.0,
                0.0,
                0.0,
                0.0,
                0.0,
                1.0,
                0.0,
                0.0,
                0.0,
                0.0,
                1.0,
                0.0,
                -1.8289400339126587,
                167.21200561523438,
                21.76300048828125,
                1.0
            ],
            "parent": "C_guides_GRP",
            "isLocator": false,
            "isJoint": true,
            "isCurve": false,
            "isSurface": false,
            "children": []
        },
        "R_eyebrow09_JNT": {
            "joint_matrix": [
                -0.7520218607435682,
                -0.36120291938327476,
                -0.5513579345513954,
                0.0,
                -0.29129888341574794,
                0.932487239070326,
                -0.21357085356325897,
                0.0,
                0.5912766539315751,
                2.914335439641036e-16,
                -0.8064687957481556,
                0.0,
                -9.213509798049927,
                168.48400157690048,
                20.676000595092773,
                1.0
            ],
            "parent": "R_eyebrowMain_JNT",
            "isLocator": false,
            "isJoint": true,
            "isCurve": false,
            "isSurface": false,
            "children": []
        },
        "R_eyebrow08_JNT": {
            "joint_matrix": [
                -0.7520218607435682,
                -0.36120291938327476,
                -0.5513579345513954,
                0.0,
                -0.29129888341574794,
                0.932487239070326,
                -0.21357085356325897,
                0.0,
                0.5912766539315751,
                2.914335439641036e-16,
                -0.8064687957481556,
                0.0,
                -8.638879776000977,
                168.76000159978867,
                21.097300589084625,
                1.0
            ],
            "parent": "R_eyebrowMain_JNT",
            "isLocator": false,
            "isJoint": true,
            "isCurve": false,
            "isSurface": false,
            "children": []
        },
        "R_eyebrow00_JNT": {
            "joint_matrix": [
                -0.9798105409144856,
                0.1926978073267705,
                0.05328094372585755,
                0.0,
                0.19241352850437865,
                0.9812581490369672,
                -0.01046322115984475,
                0.0,
                -0.05429859999445493,
                1.0755285551056206e-16,
                -0.9985247428274585,
                0.0,
                -1.6770598888397217,
                168.96700158715248,
                22.663700580596924,
                1.0
            ],
            "parent": "R_eyebrowMain_JNT",
            "isLocator": false,
            "isJoint": true,
            "isCurve": false,
            "isSurface": false,
            "children": []
        },
        "R_eyebrow01_JNT": {
            "joint_matrix": [
                -0.9784792481161172,
                0.2048126378087563,
                0.02510267714681484,
                0.0,
                0.20474527048683766,
                0.9788011970741655,
                -0.005252696398277109,
                0.0,
                -0.025646349046008352,
                -5.898059818321147e-17,
                -0.9996710782955613,
                0.0,
                -2.693999767303467,
                169.1670015901327,
                22.719000577926636,
                1.0
            ],
            "parent": "R_eyebrowMain_JNT",
            "isLocator": false,
            "isJoint": true,
            "isCurve": false,
            "isSurface": false,
            "children": []
        },
        "R_eyebrow02_JNT": {
            "joint_matrix": [
                -0.9891598967539862,
                0.09663275981558461,
                -0.11056585541688226,
                0.0,
                0.09603468303658183,
                0.9953201041526407,
                0.010734520186749147,
                0.0,
                0.11108572504019874,
                -4.5276282722994675e-16,
                -0.9938108279206327,
                0.0,
                -3.62559974193573,
                169.36200159043074,
                22.742900550365448,
                1.0
            ],
            "parent": "R_eyebrowMain_JNT",
            "isLocator": false,
            "isJoint": true,
            "isCurve": false,
            "isSurface": false,
            "children": []
        },
        "R_eyebrow03_JNT": {
            "joint_matrix": [
                -0.9843531070601192,
                0.021183269944668327,
                -0.17492921338513095,
                0.0,
                0.020856497590535664,
                0.9997756093616463,
                0.003706404430801993,
                0.0,
                0.17496847467285453,
                5.2692225582795515e-17,
                -0.9845740362566213,
                0.0,
                -4.5059197545051575,
                169.44800159335136,
                22.64450055360794,
                1.0
            ],
            "parent": "R_eyebrowMain_JNT",
            "isLocator": false,
            "isJoint": true,
            "isCurve": false,
            "isSurface": false,
            "children": []
        },
        "R_eyebrow04_JNT": {
            "joint_matrix": [
                -0.9593456614186018,
                0.00203773585124962,
                -0.2822264154006602,
                0.0,
                0.0019548971067478585,
                0.999997923814145,
                0.0005751040788386626,
                0.0,
                0.28222700135636825,
                -1.6557285056895132e-14,
                -0.9593476532026295,
                0.0,
                -5.38881978392601,
                169.46700158715248,
                22.487600564956665,
                1.0
            ],
            "parent": "R_eyebrowMain_JNT",
            "isLocator": false,
            "isJoint": true,
            "isCurve": false,
            "isSurface": false,
            "children": []
        },
        "R_eyebrow05_JNT": {
            "joint_matrix": [
                -0.9187284935467565,
                -0.18442225327383102,
                -0.3491795922483306,
                0.0,
                -0.1723909833017279,
                0.9828471053512865,
                -0.06552035087559026,
                0.0,
                0.3552735622327826,
                1.5959455978986623e-16,
                -0.9347623740707738,
                0.0,
                -6.330399811267853,
                169.4690015912056,
                22.210600584745407,
                1.0
            ],
            "parent": "R_eyebrowMain_JNT",
            "isLocator": false,
            "isJoint": true,
            "isCurve": false,
            "isSurface": false,
            "children": []
        },
        "R_eyebrow06_JNT": {
            "joint_matrix": [
                -0.8609540005134276,
                -0.30177346454694337,
                -0.40950089755122593,
                0.0,
                -0.27251795108718796,
                0.9533796599966535,
                -0.12961940533695682,
                0.0,
                0.42952552349676026,
                9.714451465470117e-17,
                -0.9030547185330655,
                0.0,
                -7.232079744338989,
                169.28800158761442,
                21.86790057271719,
                1.0
            ],
            "parent": "R_eyebrowMain_JNT",
            "isLocator": false,
            "isJoint": true,
            "isCurve": false,
            "isSurface": false,
            "children": []
        },
        "R_eyebrow07_JNT": {
            "joint_matrix": [
                -0.8000739559896527,
                -0.32334416747385003,
                -0.5053021020218599,
                0.0,
                -0.27338510336488503,
                0.946281432429403,
                -0.17266162253821285,
                0.0,
                0.5339871255051364,
                -3.0531133177191805e-16,
                -0.8454926077706189,
                0.0,
                -7.988119840621948,
                169.02300158143044,
                21.508300572633743,
                1.0
            ],
            "parent": "R_eyebrowMain_JNT",
            "isLocator": false,
            "isJoint": true,
            "isCurve": false,
            "isSurface": false,
            "children": []
        },
        "R_eyebrowMain_JNT": {
            "joint_matrix": [
                -1.0,
                0.0,
                -1.2246467991473532e-16,
                0.0,
                0.0,
                1.0,
                0.0,
                0.0,
                1.2246467991473532e-16,
                0.0,
                -1.0,
                0.0,
                -5.474559783935547,
                169.26100158691406,
                21.74340057373047,
                1.0
            ],
            "parent": "C_guides_GRP",
            "isLocator": false,
            "isJoint": true,
            "isCurve": false,
            "isSurface": false,
            "children": [
                "R_eyebrow07_JNT",
                "R_eyebrow06_JNT",
                "R_eyebrow05_JNT",
                "R_eyebrow04_JNT",
                "R_eyebrow03_JNT",
                "R_eyebrow02_JNT",
                "R_eyebrow01_JNT",
                "R_eyebrow00_JNT",
                "R_eyebrow08_JNT",
                "R_eyebrow09_JNT"
            ]
        },
        "R_nosetril_JNT": {
            "joint_matrix": [
                1.0,
                0.0,
                0.0,
                0.0,
                0.0,
                1.0,
                0.0,
                0.0,
                0.0,
                0.0,
                1.0,
                0.0,
                -1.9089200496673584,
                160.94500732421875,
                23.917499542236328,
                1.0
            ],
            "parent": "C_guides_GRP",
            "isLocator": false,
            "isJoint": true,
            "isCurve": false,
            "isSurface": false,
            "children": []
        },
        "R_nose_JNT": {
            "joint_matrix": [
                1.0,
                0.0,
                0.0,
                0.0,
                0.0,
                1.0,
                0.0,
                0.0,
                0.0,
                0.0,
                1.0,
                0.0,
                -4.177680015563965,
                161.71299743652344,
                22.94409942626953,
                1.0
            ],
            "parent": "C_guides_GRP",
            "isLocator": false,
            "isJoint": true,
            "isCurve": false,
            "isSurface": false,
            "children": []
        },
        "R_eyeEnd_JNT": {
            "joint_matrix": [
                1.0,
                0.0,
                0.0,
                0.0,
                0.0,
                1.0,
                0.0,
                0.0,
                0.0,
                0.0,
                1.0,
                0.0,
                -3.5784800052642822,
                164.92599487304688,
                21.166799783706665,
                1.0
            ],
            "parent": "R_eye_JNT",
            "isLocator": false,
            "isJoint": true,
            "isCurve": false,
            "isSurface": false,
            "children": []
        },
        "R_eye_JNT": {
            "joint_matrix": [
                1.0,
                0.0,
                0.0,
                0.0,
                0.0,
                1.0,
                0.0,
                0.0,
                0.0,
                0.0,
                1.0,
                0.0,
                -3.5784800052642822,
                164.92599487304688,
                17.664199829101562,
                1.0
            ],
            "parent": "C_guides_GRP",
            "isLocator": false,
            "isJoint": true,
            "isCurve": false,
            "isSurface": false,
            "children": [
                "R_eyeEnd_JNT"
            ]
        },
        "R_thumb03End_JNT": {
            "joint_matrix": [
                0.03784213665410651,
                0.7722941404951694,
                -0.6341369988025298,
                0.0,
                0.07857513659941658,
                -0.6349263580117666,
                -0.7685665018788534,
                0.0,
                -0.9961897011121102,
                -0.020743202711784606,
                -0.08471008758951254,
                0.0,
                -95.34960173869975,
                73.55199750304045,
                13.576200110201514,
                1.0
            ],
            "parent": "R_thumb02_JNT",
            "isLocator": false,
            "isJoint": true,
            "isCurve": false,
            "isSurface": false,
            "children": []
        },
        "R_thumb02_JNT": {
            "joint_matrix": [
                0.03784213665410651,
                0.7722941404951694,
                -0.6341369988025298,
                0.0,
                0.07857513659941658,
                -0.6349263580117666,
                -0.7685665018788534,
                0.0,
                -0.9961897011121102,
                -0.020743202711784606,
                -0.08471008758951254,
                0.0,
                -95.07460173963015,
                79.16449748404307,
                8.967700125800224,
                1.0
            ],
            "parent": "R_thumb01_JNT",
            "isLocator": false,
            "isJoint": true,
            "isCurve": false,
            "isSurface": false,
            "children": [
                "R_thumb03End_JNT"
            ]
        },
        "R_thumb01_JNT": {
            "joint_matrix": [
                0.06457570619392894,
                0.772572663185745,
                -0.6316339590836143,
                0.0,
                0.07857513659941658,
                -0.6349263580117666,
                -0.7685665018788534,
                0.0,
                -0.9948145184294099,
                -6.661338147750941e-16,
                -0.10170582049254429,
                0.0,
                -94.7787017273672,
                82.70439763076395,
                6.073580005845141,
                1.0
            ],
            "parent": "R_thumb00_JNT",
            "isLocator": false,
            "isJoint": true,
            "isCurve": false,
            "isSurface": false,
            "children": [
                "R_thumb02_JNT",
                "R_thumb03End_JNT"
            ]
        },
        "R_thumb00_JNT": {
            "joint_matrix": [
                0.06457570619392894,
                0.772572663185745,
                -0.6316339590836143,
                0.0,
                0.07857513659941658,
                -0.6349263580117666,
                -0.7685665018788534,
                0.0,
                -0.9948145184294099,
                -6.661338147750941e-16,
                -0.10170582049254429,
                0.0,
                -94.47740173339844,
                86.30999755859375,
                3.1257500648498535,
                1.0
            ],
            "parent": "C_guides_GRP",
            "isLocator": false,
            "isJoint": true,
            "isCurve": false,
            "isSurface": false,
            "children": [
                "R_thumb01_JNT",
                "R_thumb02_JNT",
                "R_thumb03End_JNT"
            ]
        },
        "R_index04End_JNT": {
            "joint_matrix": [
                0.590689075612772,
                0.8067018125167068,
                -0.017849415508324955,
                0.0,
                0.8048184848197684,
                -0.5874340746439828,
                0.08478451768796234,
                0.0,
                0.057910469210165204,
                -0.06444682792370578,
                -0.9962394209859549,
                0.0,
                -111.83600250142183,
                68.13499570563806,
                2.9938897803792175,
                1.0
            ],
            "parent": "R_index03_JNT",
            "isLocator": false,
            "isJoint": true,
            "isCurve": false,
            "isSurface": false,
            "children": []
        },
        "R_index03_JNT": {
            "joint_matrix": [
                0.590689075612772,
                0.8067018125167068,
                -0.017849415508324955,
                0.0,
                0.8048184754459035,
                -0.5874340642120931,
                0.0847846789472866,
                0.0,
                0.05791059948455749,
                -0.06444692301050894,
                -0.9962394072620379,
                0.0,
                -109.59300250994184,
                71.1985956940137,
                2.926109780635856,
                1.0
            ],
            "parent": "R_index02_JNT",
            "isLocator": false,
            "isJoint": true,
            "isCurve": false,
            "isSurface": false,
            "children": [
                "R_index04End_JNT"
            ]
        },
        "R_index02_JNT": {
            "joint_matrix": [
                0.5891981069596204,
                0.8079724659210251,
                0.005107354373594594,
                0.0,
                0.80481847080131,
                -0.5874340590432691,
                0.0847847588484524,
                0.0,
                0.0715039845899566,
                -0.0458445262757393,
                -0.9963862000240229,
                0.0,
                -107.48300246919979,
                74.09289574986116,
                2.9443997809900204,
                1.0
            ],
            "parent": "R_index01_JNT",
            "isLocator": false,
            "isJoint": true,
            "isCurve": false,
            "isSurface": false,
            "children": [
                "R_index03_JNT",
                "R_index04End_JNT"
            ]
        },
        "R_index01_JNT": {
            "joint_matrix": [
                0.5842012998548027,
                0.8092720362652162,
                0.06154358266390898,
                0.0,
                0.804818467608664,
                -0.5874340569963153,
                0.0847848033369871,
                0.0,
                0.10476676688721759,
                1.957331268894513e-08,
                -0.9944968197817422,
                0.0,
                -103.0400023540981,
                80.24729590931008,
                3.4124397931153525,
                1.0
            ],
            "parent": "R_index00_JNT",
            "isLocator": false,
            "isJoint": true,
            "isCurve": false,
            "isSurface": false,
            "children": [
                "R_index02_JNT",
                "R_index03_JNT",
                "R_index04End_JNT"
            ]
        },
        "R_index00_JNT": {
            "joint_matrix": [
                0.5842012998548027,
                0.8092720362652162,
                0.06154358266390898,
                0.0,
                0.804818464117834,
                -0.5874340569963157,
                0.08478483647363043,
                0.0,
                0.10476679370377644,
                4.385380947269368e-15,
                -0.9944968169567112,
                0.0,
                -97.45030212402344,
                87.99019622802734,
                4.001269817352295,
                1.0
            ],
            "parent": "C_guides_GRP",
            "isLocator": false,
            "isJoint": true,
            "isCurve": false,
            "isSurface": false,
            "children": [
                "R_index01_JNT",
                "R_index02_JNT",
                "R_index03_JNT",
                "R_index04End_JNT"
            ]
        },
        "R_middle04End_JNT": {
            "joint_matrix": [
                0.5724579572901469,
                0.8160260894577641,
                -0.07995816693409925,
                0.0,
                0.8081807073691055,
                -0.5780150701532522,
                -0.11288278394911837,
                0.0,
                -0.13833232222284353,
                -4.258732708624626e-17,
                -0.9903858685524726,
                0.0,
                -113.23199716940745,
                67.49459991880123,
                -2.9706700768842063,
                1.0
            ],
            "parent": "R_middle03_JNT",
            "isLocator": false,
            "isJoint": true,
            "isCurve": false,
            "isSurface": false,
            "children": []
        },
        "R_middle03_JNT": {
            "joint_matrix": [
                0.5724579572901469,
                0.8160260894577641,
                -0.07995816693409925,
                0.0,
                0.8081807073691055,
                -0.5780150701532522,
                -0.11288278394911837,
                0.0,
                -0.13833232222284353,
                -4.258732708624626e-17,
                -0.9903858685524726,
                0.0,
                -110.54599712995463,
                71.3233999750405,
                -3.345830082394798,
                1.0
            ],
            "parent": "R_middle02_JNT",
            "isLocator": false,
            "isJoint": true,
            "isCurve": false,
            "isSurface": false,
            "children": [
                "R_middle04End_JNT"
            ]
        },
        "R_middle02_JNT": {
            "joint_matrix": [
                0.5186909535394254,
                0.8549576721279524,
                -0.0026596213854588324,
                0.0,
                0.8549464331106417,
                -0.518697772184875,
                -0.004383793088018773,
                0.0,
                -0.005127497221115888,
                2.1185064260755134e-14,
                -0.9999868542997191,
                0.0,
                -109.16899713746412,
                73.59279996266994,
                -3.352890082356278,
                1.0
            ],
            "parent": "R_middle01_JNT",
            "isLocator": false,
            "isJoint": true,
            "isCurve": false,
            "isSurface": false,
            "children": [
                "R_middle03_JNT",
                "R_middle04End_JNT"
            ]
        },
        "R_middle01_JNT": {
            "joint_matrix": [
                0.5705277851516914,
                0.8211501702402586,
                -0.014506697911635388,
                0.0,
                0.8208848529192834,
                -0.5707121848308427,
                -0.020872477890569518,
                0.0,
                -0.02541858803300765,
                -3.0166841247236667e-15,
                -0.9996768954929429,
                0.0,
                -104.2779973374989,
                80.63289967478109,
                -3.477260077270207,
                1.0
            ],
            "parent": "R_middle00_JNT",
            "isLocator": false,
            "isJoint": true,
            "isCurve": false,
            "isSurface": false,
            "children": [
                "R_middle02_JNT",
                "R_middle03_JNT",
                "R_middle04End_JNT"
            ]
        },
        "R_middle00_JNT": {
            "joint_matrix": [
                0.5705277851516914,
                0.8211501702402586,
                -0.014506697911635388,
                0.0,
                0.8208848529192834,
                -0.5707121848308427,
                -0.020872477890569518,
                0.0,
                -0.02541858803300765,
                -3.0166841247236667e-15,
                -0.9996768954929429,
                0.0,
                -98.65889739990234,
                88.72019958496094,
                -3.6201400756835938,
                1.0
            ],
            "parent": "C_guides_GRP",
            "isLocator": false,
            "isJoint": true,
            "isCurve": false,
            "isSurface": false,
            "children": [
                "R_middle01_JNT",
                "R_middle02_JNT",
                "R_middle03_JNT",
                "R_middle04End_JNT"
            ]
        },
        "R_ring04End_JNT": {
            "joint_matrix": [
                0.5435608577603207,
                0.8386206557346851,
                -0.03545405034676811,
                0.0,
                0.8390647392395651,
                -0.5440170144304419,
                -0.003981378533746208,
                0.0,
                -0.022626472895813605,
                -0.02758412197832576,
                -0.9993633768249565,
                0.0,
                -112.59899768206769,
