{
    "otto": {
        "R_eyebrow07_JNT": {
            "joint_matrix": [
                0.396669437527339,
                0.5889617487787776,
                0.7041146325756826,
                0.0,
                0.28907996212203124,
                -0.8081609112518645,
                0.5131361583674268,
                0.0,
                0.871255492281839,
                -4.781173083817542e-16,
                -0.49082977412615303,
                0.0,
                -7.8418099999999935,
                137.507,
                6.420149999999991,
                1.0
            ],
            "parent": "R_eyebrowMain_JNT",
            "isLocator": false,
            "isJoint": true,
            "isCurve": false,
            "isSurface": false,
            "children": []
        },
        "R_eyebrow06_JNT": {
            "joint_matrix": [
                0.5674245182435105,
                0.4439781266946135,
                0.6934787949987091,
                0.0,
                0.2811534560579466,
                -0.896037623661385,
                0.343612152186052,
                0.0,
                0.773939371167272,
                9.190062782276345e-16,
                -0.6332597016684447,
                0.0,
                -7.496829999999995,
                138.01,
                7.027029999999996,
                1.0
            ],
            "parent": "R_eyebrowMain_JNT",
            "isLocator": false,
            "isJoint": true,
            "isCurve": false,
            "isSurface": false,
            "children": []
        },
        "R_eyebrow05_JNT": {
            "joint_matrix": [
                0.5645018488266271,
                0.389723653201797,
                0.727635304810291,
                0.0,
                0.23888816803506088,
                -0.9209318509721799,
                0.3079236415701254,
                0.0,
                0.7901076545915577,
                8.514620175420479e-17,
                -0.6129681020704321,
                0.0,
                -7.066379999999997,
                138.438,
                7.61083,
                1.0
            ],
            "parent": "R_eyebrowMain_JNT",
            "isLocator": false,
            "isJoint": true,
            "isCurve": false,
            "isSurface": false,
            "children": []
        },
        "R_eyebrow04_JNT": {
            "joint_matrix": [
                0.6886690812961578,
                0.2266233080306053,
                0.6887501526126666,
                0.0,
                0.16023744589103178,
                -0.9739824825207409,
                0.16025630932057952,
                0.0,
                0.7071483984292299,
                -4.312530610201749e-15,
                -0.7070651614943102,
                0.0,
                -6.538419999999995,
                138.761,
                8.151839999999998,
                1.0
            ],
            "parent": "R_eyebrowMain_JNT",
            "isLocator": false,
            "isJoint": true,
            "isCurve": false,
            "isSurface": false,
            "children": []
        },
        "R_eyebrow03_JNT": {
            "joint_matrix": [
                0.8319304268895791,
                0.14527458817265101,
                0.5355250310177755,
                0.0,
                0.12215423859582725,
                -0.9893913755593722,
                0.07863235950807443,
                0.0,
                0.5412671307297316,
                9.591194890398845e-14,
                -0.8408506961355288,
                0.0,
                -5.878989999999997,
                138.949,
                8.645989999999996,
                1.0
            ],
            "parent": "R_eyebrowMain_JNT",
            "isLocator": false,
            "isJoint": true,
            "isCurve": false,
            "isSurface": false,
            "children": []
        },
        "R_eyebrow02_JNT": {
            "joint_matrix": [
                0.8958543681156385,
                0.12072387382370632,
                0.4276338356785254,
                0.0,
                0.10894784039371316,
                -0.9926861267737138,
                0.052005978353917806,
                0.0,
                0.4307845391859789,
                -2.9267501951896385e-14,
                -0.9024548081750818,
                0.0,
                -5.226279999999995,
                139.084,
                9.034379999999993,
                1.0
            ],
            "parent": "R_eyebrowMain_JNT",
            "isLocator": false,
            "isJoint": true,
            "isCurve": false,
            "isSurface": false,
            "children": []
        },
        "R_eyebrow01_JNT": {
            "joint_matrix": [
                0.953840580313118,
                2.5308176679412474e-17,
                0.30031341519808036,
                0.0,
                6.012384719626151e-17,
                -1.0,
                -1.066898346841871e-16,
                0.0,
                0.3003134151980803,
                1.1982109171503246e-16,
                -0.9538405803131179,
                0.0,
                -4.415389999999995,
                139.146,
                9.433799999999996,
                1.0
            ],
            "parent": "R_eyebrowMain_JNT",
            "isLocator": false,
            "isJoint": true,
            "isCurve": false,
            "isSurface": false,
            "children": []
        },
        "R_eyebrow00_JNT": {
            "joint_matrix": [
                0.941199744199002,
                -0.12117672208631702,
                0.31537159596918196,
                0.0,
                -0.11489819039096354,
                -0.9926309495600142,
                -0.03849940026112634,
                0.0,
                0.3177128378970786,
                1.8001793620835032e-14,
                -0.9481869818951242,
                0.0,
                -3.4889899999999945,
                138.98,
                9.78818,
                1.0
            ],
            "parent": "R_eyebrowMain_JNT",
            "isLocator": false,
            "isJoint": true,
            "isCurve": false,
            "isSurface": false,
            "children": []
        },
        "R_eyebrowMain_JNT": {
            "joint_matrix": [
                0.8711886133901524,
                6.162975822039155e-33,
                0.4909484696985455,
                0.0,
                6.012384719626151e-17,
                -1.0,
                -1.066898346841871e-16,
                0.0,
                0.4909484696985455,
                1.2246467991473532e-16,
                -0.8711886133901523,
                0.0,
                -5.87334,
                138.899,
                8.54447,
                1.0
            ],
            "parent": "C_guides_GRP",
            "isLocator": false,
            "isJoint": true,
            "isCurve": false,
            "isSurface": false,
            "children": [
                "R_eyebrow00_JNT",
                "R_eyebrow01_JNT",
                "R_eyebrow02_JNT",
                "R_eyebrow03_JNT",
                "R_eyebrow04_JNT",
                "R_eyebrow05_JNT",
                "R_eyebrow06_JNT",
                "R_eyebrow07_JNT"
            ]
        },
        "L_eyebrow07_JNT": {
            "joint_matrix": [
                0.3966694375273385,
                -0.5889617487787774,
                -0.7041146325756832,
                0.0,
                0.2890799621220309,
                0.8081609112518646,
                -0.5131361583674269,
                0.0,
                0.8712554922818394,
                2.4980018054066027e-16,
                0.4908297741261526,
                0.0,
                7.841805696487427,
                137.50726318359364,
                6.420154571533203,
                1.0
            ],
            "parent": "L_eyebrowMain_JNT",
            "isLocator": false,
            "isJoint": true,
            "isCurve": false,
            "isSurface": false,
            "children": []
        },
        "L_eyebrow06_JNT": {
            "joint_matrix": [
                0.5674245182435096,
                -0.4439781266946139,
                -0.6934787949987098,
                0.0,
                0.2811534560579457,
                0.8960376236613847,
                -0.34361215218605323,
                0.0,
                0.7739393711672731,
                -1.6653345369377343e-16,
                0.6332597016684436,
                0.0,
                7.496833801269531,
                138.00975799560536,
                7.027026414871216,
                1.0
            ],
            "parent": "L_eyebrowMain_JNT",
            "isLocator": false,
            "isJoint": true,
            "isCurve": false,
            "isSurface": false,
            "children": []
        },
        "L_eyebrow05_JNT": {
            "joint_matrix": [
                0.5645018488266274,
                -0.389723653201797,
                -0.7276353048102909,
                0.0,
                0.23888816803506036,
                0.92093185097218,
                -0.3079236415701258,
                0.0,
                0.7901076545915577,
                6.383782391594651e-16,
                0.6129681020704322,
                0.0,
                7.066381931304932,
                138.43844604492176,
                7.610830307006837,
                1.0
            ],
            "parent": "L_eyebrowMain_JNT",
            "isLocator": false,
            "isJoint": true,
            "isCurve": false,
            "isSurface": false,
            "children": []
        },
        "L_eyebrow04_JNT": {
            "joint_matrix": [
                0.6886690812961578,
                -0.22662330803060513,
                -0.6887501526126666,
                0.0,
                0.16023744589103486,
                0.9739824825207409,
                -0.16025630932057627,
                0.0,
                0.707148398429229,
                -2.42861286636753e-17,
                0.7070651614943111,
                0.0,
                6.538419008255005,
                138.76113128662098,
                8.1518394947052,
                1.0
            ],
            "parent": "L_eyebrowMain_JNT",
            "isLocator": false,
            "isJoint": true,
            "isCurve": false,
            "isSurface": false,
            "children": []
        },
        "L_eyebrow03_JNT": {
            "joint_matrix": [
                0.8319304268895791,
                -0.14527458817265088,
                -0.5355250310177755,
                0.0,
                0.12215423859577483,
                0.9893913755593722,
                -0.07863235950815564,
                0.0,
                0.5412671307297436,
                -2.957703526540456e-16,
                0.8408506961355213,
                0.0,
                5.878988027572632,
                138.94864654541004,
                8.645988464355469,
                1.0
            ],
            "parent": "L_eyebrowMain_JNT",
            "isLocator": false,
            "isJoint": true,
            "isCurve": false,
            "isSurface": false,
            "children": []
        },
        "L_eyebrow02_JNT": {
            "joint_matrix": [
                0.8958543681156391,
                -0.12072387382370646,
                -0.4276338356785241,
                0.0,
                0.10894784039372594,
                0.9926861267737138,
                -0.05200597835389136,
                0.0,
                0.4307845391859745,
                2.888314587501384e-16,
                0.9024548081750842,
                0.0,
                5.226284980773925,
                139.08377838134754,
                9.034381866455078,
                1.0
            ],
            "parent": "L_eyebrowMain_JNT",
            "isLocator": false,
            "isJoint": true,
            "isCurve": false,
            "isSurface": false,
            "children": []
        },
        "L_eyebrow01_JNT": {
            "joint_matrix": [
                0.9538405803131181,
                0.0,
                -0.3003134151980798,
                0.0,
                0.0,
                1.0,
                0.0,
                0.0,
                0.3003134151980798,
                0.0,
                0.9538405803131181,
                0.0,
                4.415386915206908,
                139.14627838134754,
                9.433801651000977,
                1.0
            ],
            "parent": "L_eyebrowMain_JNT",
            "isLocator": false,
            "isJoint": true,
            "isCurve": false,
            "isSurface": false,
            "children": []
        },
        "L_eyebrow00_JNT": {
            "joint_matrix": [
                0.941199744199002,
                0.12117672208631716,
                -0.31537159596918185,
                0.0,
                -0.11489819039096935,
                0.9926309495600142,
                0.03849940026110933,
                0.0,
                0.31771283789707644,
                -1.7000290064572714e-16,
                0.948186981895125,
                0.0,
                3.4889860153198224,
                138.97978210449207,
                9.788180828094482,
                1.0
            ],
            "parent": "L_eyebrowMain_JNT",
            "isLocator": false,
            "isJoint": true,
            "isCurve": false,
            "isSurface": false,
            "children": []
        },
        "L_eyebrowMain_JNT": {
            "joint_matrix": [
                0.8711886133901524,
                0.0,
                -0.4909484696985455,
                0.0,
                0.0,
                1.0,
                0.0,
                0.0,
                0.4909484696985455,
                0.0,
                0.8711886133901524,
                0.0,
                5.8733364572219315,
                138.8992829570611,
                8.544471166008556,
                1.0
            ],
            "parent": "C_guides_GRP",
            "isLocator": false,
            "isJoint": true,
            "isCurve": false,
            "isSurface": false,
            "children": [
                "L_eyebrow00_JNT",
                "L_eyebrow01_JNT",
                "L_eyebrow02_JNT",
                "L_eyebrow03_JNT",
                "L_eyebrow04_JNT",
                "L_eyebrow05_JNT",
                "L_eyebrow06_JNT",
                "L_eyebrow07_JNT"
            ]
        },
        "R_nose_JNT": {
            "joint_matrix": [
                1.0,
                0.0,
                0.0,
                0.0,
                0.0,
                1.0,
                0.0,
                0.0,
                0.0,
                0.0,
                1.0,
                0.0,
                -1.98814,
                130.531,
                11.3547,
                1.0
            ],
            "parent": "C_guides_GRP",
            "isLocator": false,
            "isJoint": true,
            "isCurve": false,
            "isSurface": false,
            "children": []
        },
        "R_wrist_JNT": {
            "joint_matrix": [
                0.5805153123097617,
                0.7985089821941812,
                -0.15932789312958573,
                0.0,
                0.8030188138526563,
                -0.5938281255032359,
                -0.05028858677658869,
                0.0,
                -0.1347692723604793,
                -0.09875000109633472,
                -0.9859440554670945,
                0.0,
                -33.9047,
                80.93220000000002,
                -0.6476430000000022,
                1.0
            ],
            "parent": "R_elbow_JNT",
            "isLocator": false,
            "isJoint": true,
            "isCurve": false,
            "isSurface": false,
            "children": []
        },
        "R_elbow_JNT": {
            "joint_matrix": [
                0.5805153123097617,
                0.7985089821941812,
                -0.15932789312958573,
                0.0,
                0.8030188103743192,
                -0.5938281280519306,
                -0.05028861222337919,
                0.0,
                -0.13476929308604826,
                -0.09874998576988707,
                -0.9859440541691675,
                0.0,
                -23.416099999999993,
                95.3594,
                -3.526339999999996,
                1.0
            ],
            "parent": "R_shoulder_JNT",
            "isLocator": false,
            "isJoint": true,
            "isCurve": false,
            "isSurface": false,
            "children": [
                "R_wrist_JNT"
            ]
        },
        "R_shoulder_JNT": {
            "joint_matrix": [
                0.595939166282362,
                0.8007240989999282,
                0.06080647474929377,
                0.0,
                0.8030188138526562,
                -0.593828125503236,
                -0.050288586776588845,
                0.0,
                -0.004158688417830841,
                0.07879768170489793,
                -0.9968819542295755,
                0.0,
                -11.4183,
                111.48,
                -2.30215,
                1.0
            ],
            "parent": "C_guides_GRP",
            "isLocator": false,
            "isJoint": true,
            "isCurve": false,
            "isSurface": false,
            "children": [
                "R_elbow_JNT",
                "R_wrist_JNT"
            ]
        },
        "R_tip_JNT": {
            "joint_matrix": [
                8.4703294725430015e-22,
                0.10958105072615376,
                -0.9939778635974504,
                0.0,
                -2.3727468540957184e-05,
                -0.9939778633176494,
                -0.10958105069530721,
                0.0,
                -0.9999999997185036,
                2.358457848891634e-05,
                2.6000809337898456e-06,
                0.0,
                -6.51227,
                1.7955599999999996,
                13.279499999999995,
                1.0
            ],
            "parent": "R_ball_JNT",
            "isLocator": false,
            "isJoint": true,
            "isCurve": false,
            "isSurface": false,
            "children": []
        },
        "R_ball_JNT": {
            "joint_matrix": [
                8.4703294725430015e-22,
                0.10958105072615376,
                -0.9939778635974504,
                0.0,
                -2.3727468540957184e-05,
                -0.9939778633176494,
                -0.10958105069530721,
                0.0,
                -0.9999999997185036,
                2.358457848891634e-05,
                2.6000809337898456e-06,
                0.0,
                -6.512269999999998,
                2.4356999999999998,
                7.472980000000005,
                1.0
            ],
            "parent": "R_ankle_JNT",
            "isLocator": false,
            "isJoint": true,
            "isCurve": false,
            "isSurface": false,
            "children": [
                "R_tip_JNT"
            ]
        },
        "R_ankle_JNT": {
            "joint_matrix": [
                0.0,
                0.5041209579642756,
                -0.8636330585041201,
                0.0,
                0.0,
                -0.8636330585041201,
                -0.5041209579642756,
                0.0,
                -1.0,
                0.0,
                0.0,
                0.0,
                -6.51227,
                7.763019999999997,
                -1.6535000000000015,
                1.0
            ],
            "parent": "R_knee_JNT",
            "isLocator": false,
            "isJoint": true,
            "isCurve": false,
            "isSurface": false,
            "children": [
                "R_ball_JNT",
                "R_tip_JNT"
            ]
        },
        "R_knee_JNT": {
            "joint_matrix": [
                0.0,
                0.9990910705718591,
                0.04262666657828722,
                0.0,
                0.0,
                0.04262666657828722,
                -0.9990910705718591,
                0.0,
                -1.0,
                0.0,
                0.0,
                0.0,
                -6.51227,
                42.8718,
                -0.155563,
                1.0
            ],
            "parent": "R_hip_JNT",
            "isLocator": false,
            "isJoint": true,
            "isCurve": false,
            "isSurface": false,
            "children": [
                "R_ankle_JNT",
                "R_ball_JNT",
                "R_tip_JNT"
            ]
        },
        "R_hip_JNT": {
            "joint_matrix": [
                0.0,
                1.0,
                0.0,
                0.0,
                0.0,
                0.0,
                -1.0,
                0.0,
                -1.0,
                0.0,
                0.0,
                0.0,
                -6.51227,
                72.4221,
                -0.193276,
                1.0
            ],
            "parent": "C_guides_GRP",
            "isLocator": false,
            "isJoint": true,
            "isCurve": false,
            "isSurface": false,
            "children": [
                "R_knee_JNT",
                "R_ankle_JNT",
                "R_ball_JNT",
                "R_tip_JNT"
            ]
        },
        "C_eyebrowMid_JNT": {
            "joint_matrix": [
                1.0,
                0.0,
                0.0,
                0.0,
                0.0,
                1.0,
                0.0,
                0.0,
                0.0,
                0.0,
                1.0,
                0.0,
                -4.7603506407320345e-17,
                139.5532989501953,
                10.440691471099854,
                1.0
            ],
            "parent": "C_guides_GRP",
            "isLocator": false,
            "isJoint": true,
            "isCurve": false,
            "isSurface": false,
            "children": []
        },
        "L_ear02_JNT": {
            "joint_matrix": [
                0.370659932384614,
                0.8672815885020525,
                -0.33231590508127884,
                0.0,
                -0.6457512774965648,
                0.4978178846178151,
                0.5789496017497536,
                0.0,
                0.6675451311605738,
                -2.4728636008999797e-17,
                0.7445693371767415,
                0.0,
                10.834185123443609,
                134.28529357910153,
                -3.716892004013058,
                1.0
            ],
            "parent": "L_ear01_JNT",
            "isLocator": false,
            "isJoint": true,
            "isCurve": false,
            "isSurface": false,
            "children": []
        },
        "L_ear01_JNT": {
            "joint_matrix": [
                0.19107935016042848,
                0.9815189632431373,
                0.010450202695888075,
                0.0,
                -0.9800543677077278,
                0.1913648995874553,
                -0.053599547972802364,
                0.0,
                -0.05460877474613296,
                -4.668145289275144e-16,
                0.9985078275710841,
                0.0,
                10.270653247833259,
                131.3905944824219,
                -3.7477117776870776,
                1.0
            ],
            "parent": "L_ear00_JNT",
            "isLocator": false,
            "isJoint": true,
            "isCurve": false,
            "isSurface": false,
            "children": [
                "L_ear02_JNT"
            ]
        },
        "L_ear00_JNT": {
            "joint_matrix": [
                0.39844761802837214,
                0.39287584146671234,
                -0.8287871070904391,
                0.0,
                -0.17022823604407883,
                0.9195915251848631,
                0.3540815929436303,
                0.0,
                0.9012557036384501,
                -6.38378239159465e-16,
                0.4332876142461981,
                0.0,
                8.91073226928711,
                130.04969024658203,
                -0.9190213233232498,
                1.0
            ],
            "parent": "C_guides_GRP",
            "isLocator": false,
            "isJoint": true,
            "isCurve": false,
            "isSurface": false,
            "children": [
                "L_ear01_JNT",
                "L_ear02_JNT"
            ]
        },
        "R_nosetril_JNT": {
            "joint_matrix": [
                1.0,
                0.0,
                0.0,
                0.0,
                0.0,
                1.0,
                0.0,
                0.0,
                0.0,
                0.0,
                1.0,
                0.0,
                -0.6355717182159424,
                129.43434143066406,
                11.619088172912598,
                1.0
            ],
            "parent": "C_guides_GRP",
            "isLocator": false,
            "isJoint": true,
            "isCurve": false,
            "isSurface": false,
            "children": []
        },
        "L_nose_JNT": {
            "joint_matrix": [
                1.0,
                0.0,
                0.0,
                0.0,
                0.0,
                1.0,
                0.0,
                0.0,
                0.0,
                0.0,
                1.0,
                0.0,
                1.9881449341773987,
                130.53060150146484,
                11.354713439941406,
                1.0
            ],
            "parent": "C_guides_GRP",
            "isLocator": false,
            "isJoint": true,
            "isCurve": false,
            "isSurface": false,
            "children": []
        },
        "L_nosetril_JNT": {
            "joint_matrix": [
                1.0,
                0.0,
                0.0,
                0.0,
                0.0,
                1.0,
                0.0,
                0.0,
                0.0,
                0.0,
                1.0,
                0.0,
                0.6355717182159424,
                129.43434143066406,
                11.619088172912598,
                1.0
            ],
            "parent": "C_guides_GRP",
            "isLocator": false,
            "isJoint": true,
            "isCurve": false,
            "isSurface": false,
            "children": []
        },
        "C_noseTip_JNT": {
            "joint_matrix": [
                1.0,
                0.0,
                0.0,
                0.0,
                0.0,
                1.0,
                0.0,
                0.0,
                0.0,
                0.0,
                1.0,
                0.0,
                5.421689812274306e-17,
                131.07432556152344,
                13.14162540435791,
                1.0
            ],
            "parent": "C_guides_GRP",
            "isLocator": false,
            "isJoint": true,
            "isCurve": false,
            "isSurface": false,
            "children": []
        },
        "C_noseMain_JNT": {
            "joint_matrix": [
                1.0,
                0.0,
                0.0,
                0.0,
                0.0,
                1.0,
                0.0,
                0.0,
                0.0,
                0.0,
                1.0,
                0.0,
                0.0,
                135.67182159423828,
                9.966110706329346,
                1.0
            ],
            "parent": "C_guides_GRP",
            "isLocator": false,
            "isJoint": true,
            "isCurve": false,
            "isSurface": false,
            "children": []
        },
        "C_throat_JNT": {
            "joint_matrix": [
                1.0,
                0.0,
                0.0,
                0.0,
                0.0,
                1.0,
                0.0,
                0.0,
                0.0,
                0.0,
                1.0,
                0.0,
                6.585459480498021e-18,
                119.57308197021484,
                2.7653322219848633,
                1.0
            ],
            "parent": "C_guides_GRP",
            "isLocator": false,
            "isJoint": true,
            "isCurve": false,
            "isSurface": false,
            "children": []
        },
        "C_neck04_JNT": {
            "joint_matrix": [
                1.0,
                0.0,
                0.0,
                0.0,
                0.0,
                1.0,
                0.0,
                0.0,
                0.0,
                0.0,
                1.0,
                0.0,
                0.0,
                127.41635240595376,
                0.0,
                1.0
            ],
            "parent": "C_neck03_JNT",
            "isLocator": false,
            "isJoint": true,
            "isCurve": false,
            "isSurface": false,
            "children": []
        },
        "C_neck03_JNT": {
            "joint_matrix": [
                1.0,
                0.0,
                0.0,
                0.0,
                0.0,
                1.0,
                0.0,
                0.0,
                0.0,
                0.0,
                1.0,
                0.0,
                0.0,
                124.41635240595376,
                0.0,
                1.0
            ],
            "parent": "C_neck02_JNT",
            "isLocator": false,
            "isJoint": true,
            "isCurve": false,
            "isSurface": false,
            "children": [
                "C_neck04_JNT"
            ]
        },
        "C_neck02_JNT": {
            "joint_matrix": [
                1.0,
                0.0,
                0.0,
                0.0,
                0.0,
                1.0,
                0.0,
                0.0,
                0.0,
                0.0,
                1.0,
                0.0,
                0.0,
                121.41635240595376,
                0.0,
                1.0
            ],
            "parent": "C_neck01_JNT",
            "isLocator": false,
            "isJoint": true,
            "isCurve": false,
            "isSurface": false,
            "children": [
                "C_neck03_JNT",
                "C_neck04_JNT"
            ]
        },
        "C_neck01_JNT": {
            "joint_matrix": [
                1.0,
                0.0,
                0.0,
                0.0,
                0.0,
                1.0,
                0.0,
                0.0,
                0.0,
                0.0,
                1.0,
                0.0,
                0.0,
                118.41635240595376,
                0.0,
                1.0
            ],
            "parent": "C_neck00_JNT",
            "isLocator": false,
            "isJoint": true,
            "isCurve": false,
            "isSurface": false,
            "children": [
                "C_neck02_JNT",
                "C_neck03_JNT",
                "C_neck04_JNT"
            ]
        },
        "C_neck00_JNT": {
            "joint_matrix": [
                1.0,
                0.0,
                0.0,
                0.0,
                0.0,
                1.0,
                0.0,
                0.0,
                0.0,
                0.0,
                1.0,
                0.0,
                0.0,
                115.41635240595376,
                0.0,
                1.0
            ],
            "parent": "C_guides_GRP",
            "isLocator": false,
            "isJoint": true,
            "isCurve": false,
            "isSurface": false,
            "children": [
                "C_neck01_JNT",
                "C_neck02_JNT",
                "C_neck03_JNT",
                "C_neck04_JNT"
            ]
        },
        "C_spine07_JNT": {
            "joint_matrix": [
                1.0,
                0.0,
                0.0,
                0.0,
                0.0,
                1.0,
                0.0,
                0.0,
                0.0,
                0.0,
                1.0,
                0.0,
                0.0,
                100.23637955352191,
                1.0658141036401503e-14,
                1.0
            ],
            "parent": "C_spine06_JNT",
            "isLocator": false,
            "isJoint": true,
            "isCurve": false,
            "isSurface": false,
            "children": []
        },
        "C_spine06_JNT": {
            "joint_matrix": [
                1.0,
                0.0,
                0.0,
                0.0,
                0.0,
                1.0,
                0.0,
                0.0,
                0.0,
                0.0,
                1.0,
                0.0,
                0.0,
                97.03637955352191,
                -2.842170943040401e-14,
                1.0
            ],
            "parent": "C_spine05_JNT",
            "isLocator": false,
            "isJoint": true,
            "isCurve": false,
            "isSurface": false,
            "children": [
                "C_spine07_JNT"
            ]
        },
        "C_spine05_JNT": {
            "joint_matrix": [
                1.0,
                0.0,
                0.0,
                0.0,
                0.0,
                1.0,
                0.0,
                0.0,
                0.0,
                0.0,
                1.0,
                0.0,
                0.0,
                93.83637955352191,
                -3.552713678800501e-15,
                1.0
            ],
            "parent": "C_spine04_JNT",
            "isLocator": false,
            "isJoint": true,
            "isCurve": false,
            "isSurface": false,
            "children": [
                "C_spine06_JNT",
                "C_spine07_JNT"
            ]
        },
        "C_spine04_JNT": {
            "joint_matrix": [
                1.0,
                0.0,
                0.0,
                0.0,
                0.0,
                1.0,
                0.0,
                0.0,
                0.0,
                0.0,
                1.0,
                0.0,
                0.0,
                90.6363795535219,
                -7.105427357601002e-15,
                1.0
            ],
            "parent": "C_spine03_JNT",
            "isLocator": false,
            "isJoint": true,
            "isCurve": false,
            "isSurface": false,
            "children": [
                "C_spine05_JNT",
                "C_spine06_JNT",
                "C_spine07_JNT"
            ]
        },
        "C_spine03_JNT": {
            "joint_matrix": [
                1.0,
                0.0,
                0.0,
                0.0,
                0.0,
                1.0,
                0.0,
                0.0,
                0.0,
                0.0,
                1.0,
                0.0,
                0.0,
                87.4363795535219,
                -7.105427357601002e-15,
                1.0
            ],
            "parent": "C_spine02_JNT",
            "isLocator": false,
            "isJoint": true,
            "isCurve": false,
            "isSurface": false,
            "children": [
                "C_spine04_JNT",
                "C_spine05_JNT",
                "C_spine06_JNT",
                "C_spine07_JNT"
            ]
        },
        "C_spine02_JNT": {
            "joint_matrix": [
                1.0,
                0.0,
                0.0,
                0.0,
                0.0,
                1.0,
                0.0,
                0.0,
                0.0,
                0.0,
                1.0,
                0.0,
                0.0,
                84.2363795535219,
                2.1316282072803006e-14,
                1.0
            ],
            "parent": "C_spine01_JNT",
            "isLocator": false,
            "isJoint": true,
            "isCurve": false,
            "isSurface": false,
            "children": [
                "C_spine03_JNT",
                "C_spine04_JNT",
                "C_spine05_JNT",
                "C_spine06_JNT",
                "C_spine07_JNT"
            ]
        },
        "C_spine01_JNT": {
            "joint_matrix": [
                1.0,
                0.0,
                0.0,
                0.0,
                0.0,
                1.0,
                0.0,
                0.0,
                0.0,
                0.0,
                1.0,
                0.0,
                0.0,
                81.0363795535219,
                0.0,
                1.0
            ],
            "parent": "C_spine00_JNT",
            "isLocator": false,
            "isJoint": true,
            "isCurve": false,
            "isSurface": false,
            "children": [
                "C_spine02_JNT",
                "C_spine03_JNT",
                "C_spine04_JNT",
                "C_spine05_JNT",
                "C_spine06_JNT",
                "C_spine07_JNT"
            ]
        },
        "C_spine00_JNT": {
            "joint_matrix": [
                1.0,
                0.0,
                0.0,
                0.0,
                0.0,
                1.0,
                0.0,
                0.0,
                0.0,
                0.0,
                1.0,
                0.0,
                0.0,
                77.8363795535219,
                0.0,
                1.0
            ],
            "parent": "C_guides_GRP",
            "isLocator": false,
            "isJoint": true,
            "isCurve": false,
            "isSurface": false,
            "children": [
                "C_spine01_JNT",
                "C_spine02_JNT",
                "C_spine03_JNT",
                "C_spine04_JNT",
                "C_spine05_JNT",
                "C_spine06_JNT",
                "C_spine07_JNT"
            ]
        },
        "L_tip_JNT": {
            "joint_matrix": [
                -2.2070742202672252e-16,
                -0.10958105072615387,
                0.9939778635974506,
                0.0,
                -2.3727478024926366e-05,
                0.993977863317649,
                0.10958105069530705,
                0.0,
                -0.9999999997185034,
                -2.3584587915747583e-05,
                -2.6000819732725325e-06,
                0.0,
                6.512269528745015,
                1.795562080672895,
                13.279526458705202,
                1.0
            ],
            "parent": "L_ball_JNT",
            "isLocator": false,
            "isJoint": true,
            "isCurve": false,
            "isSurface": false,
            "children": []
        },
        "L_ball_JNT": {
            "joint_matrix": [
                -2.2070742202672252e-16,
                -0.10958105072615387,
                0.9939778635974506,
                0.0,
                -2.3727478024926366e-05,
                0.993977863317649,
                0.10958105069530705,
                0.0,
                -0.9999999997185034,
                -2.3584587915747583e-05,
                -2.6000819732725325e-06,
                0.0,
                6.512269528745016,
                2.4357046752458205,
                7.4729790279689885,
                1.0
            ],
            "parent": "L_ankle_JNT",
            "isLocator": false,
            "isJoint": true,
            "isCurve": false,
            "isSurface": false,
            "children": [
                "L_tip_JNT"
            ]
        },
        "L_ankle_JNT": {
            "joint_matrix": [
